=====================================
Starting EIT system...
Electrodes: 8
Drive pattern: ADJACENT
Meas pattern: ADJACENT
=====================================
[EITKit] Initiating Hardware Setup...
[EITKit] SPI Freq: 500000
[EITKit] Writing AD5930 Control Registers...
[EITKit] Starting frequency sweep...
Beginning Calibration
[EITKit] Calibrating Source Gain...
  raw=0x488B  converted=436
  raw=0x4F8A  converted=431
  raw=0x438B  converted=435
  raw=0x4F8A  converted=431
  raw=0x498B  converted=438
  raw=0x4C8B  converted=444
  raw=0x498B  converted=438
  raw=0x468B  converted=441
  raw=0x438B  converted=435
  raw=0x4A8B  converted=437
  raw=0x408B  converted=432
  raw=0x418B  converted=434
  raw=0x418B  converted=434
  raw=0x448B  converted=440
  raw=0x458B  converted=442
  raw=0x488B  converted=436
  raw=0x498B  converted=438

Arduino analogRead() cross-check (pins 14-23):
  pin 14 = 7
  pin 15 = 928
  pin 16 = 969
  pin 17 = 19
  pin 18 = 786
  pin 19 = 983
  pin 20 = 194
  pin 21 = 554
  pin 22 = 567
  pin 23 = 288

Mux-driven AC check (SRC=0, SINK=1, VP=2, VN=3):
  ADC min=420  max=442  pk-pk=22
  [OK] AC signal detected on ADC bus.
=== END DIAGNOSTIC ===
[EITKit] Sending Frame Data...
FRAME_DATA,0.0000,0.0000,0.0027,0.0028,0.0030,0.0029,0.0027,0.0000,0.0000,0.0000,0.0000,0.0023,0.0026,0.0028,0.0027,0.0029,0.0024,0.0000,0.0000,0.0000,0.0027,0.0030,0.0029,0.0032,0.0027,0.0027,0.0000,0.0000,0.0000,0.0028,0.0029,0.0030,0.0028,0.0026,0.0027,0.0000,0.0000,0.0000,0.0028,0.0029,0.0029,0.0027,0.0025,0.0027,0.0000,0.0000,0.0000,0.0027,0.0031,0.0028,0.0029,0.0026,0.0025,0.0000,0.0000,0.0000,0.0000,0.0030,0.0028,0.0027,0.0025,0.0025,0.0000,0.0000
[EITKit] Sending Frame Data...
FRAME_DATA,0.0000,0.0000,0.0025,0.0025,0.0026,0.0027,0.0025,0.0000,0.0000,0.0000,0.0000,0.0025,0.0024,0.0024,0.0023,0.0025,0.0025,0.0000,0.0000,0.0000,0.0026,0.0026,0.0024,0.0027,0.0030,0.0028,0.0000,0.0000,0.0000,0.0028,0.0027,0.0028,0.0030,0.0032,0.0030,0.0000,0.0000,0.0000,0.0030,0.0029,0.0032,0.0030,0.0029,0.0034,0.0000,0.0000,0.0000,0.0033,0.0037,0.0030,0.0029,0.0028,0.0028,0.0000,0.0000,0.0000,0.0000,0.0028,0.0029,0.0028,0.0028,0.0028,0.0000,0.0000
[EITKit] Sending Frame Data...
FRAME_DATA,0.0000,0.0000,0.0026,0.0025,0.0027,0.0025,0.0024,0.0000,0.0000,0.0000,0.0000,0.0037,0.0031,0.0038,0.0033,0.0030,0.0028,0.0000,0.0000,0.0000,0.0028,0.0032,0.0033,0.0030,0.0025,0.0029,0.0000,0.0000,0.0000,0.0034,0.0034,0.0034,0.0025,0.0028,0.0027,0.0000,0.0000,0.0000,0.0033,0.0032,0.0026,0.0025,0.0025,0.0034,0.0000,0.0000,0.0000,0.0036,0.0029,0.0024,0.0026,0.0027,0.0030,0.0000,0.0000,0.0000,0.0000,0.0028,0.0025,0.0024,0.0024,0.0026,0.0000,0.0000
[EITKit] Sending Frame Data...
FRAME_DATA,0.0000,0.0000,0.0036,0.0035,0.0038,0.0037,0.0036,0.0000,0.0000,0.0000,0.0000,0.0040,0.0037,0.0041,0.0039,0.0039,0.0036,0.0000,0.0000,0.0000,0.0036,0.0039,0.0039,0.0037,0.0037,0.0037,0.0000,0.0000,0.0000,0.0039,0.0038,0.0039,0.0036,0.0037,0.0035,0.0000,0.0000,0.0000,0.0039,0.0038,0.0038,0.0034,0.0036,0.0039,0.0000,0.0000,0.0000,0.0040,0.0039,0.0035,0.0037,0.0035,0.0038,0.0000,0.0000,0.0000,0.0000,0.0037,0.0035,0.0036,0.0034,0.0035,0.0000,0.0000
[EITKit] Sending Frame Data...
FRAME_DATA,0.0000,0.0000,0.0042,0.0041,0.0043,0.0043,0.0042,0.0000,0.0000,0.0000,0.0000,0.0042,0.0041,0.0043,0.0042,0.0041,0.0042,0.0000,0.0000,0.0000,0.0043,0.0044,0.0045,0.0042,0.0041,0.0043,0.0000,0.0000,0.0000,0.0045,0.0044,0.0043,0.0042,0.0042,0.0041,0.0000,0.0000,0.0000,0.0043,0.0044,0.0042,0.0041,0.0043,0.0042,0.0000,0.0000,0.0000,0.0043,0.0044,0.0040,0.0042,0.0042,0.0043,0.0000,0.0000,0.0000,0.0000,0.0040,0.0041,0.0041,0.0041,0.0042,0.0000,0.0000
[EITKit] Sending Frame Data...
FRAME_DATA,0.0000,0.0000,0.0044,0.0043,0.0046,0.0046,0.0045,0.0000,0.0000,0.0000,0.0000,0.0042,0.0044,0.0044,0.0044,0.0043,0.0043,0.0000,0.0000,0.0000,0.0045,0.0044,0.0046,0.0044,0.0045,0.0043,0.0000,0.0000,0.0000,0.0045,0.0046,0.0047,0.0044,0.0046,0.0043,0.0000,0.0000,0.0000,0.0046,0.0048,0.0044,0.0043,0.0044,0.0043,0.0000,0.0000,0.0000,0.0045,0.0047,0.0043,0.0044,0.0044,0.0046,0.0000,0.0000,0.0000,0.0000,0.0043,0.0043,0.0042,0.0044,0.0044,0.0000,0.0000
[EITKit] Sending Frame Data...
FRAME_DATA,0.0000,0.0000,0.0045,0.0046,0.0047,0.0047,0.0033,0.0000,0.0000,0.0000,0.0000,0.0037,0.0036,0.0037,0.0034,0.0034,0.0044,0.0000,0.0000,0.0000,0.0046,0.0046,0.0046,0.0044,0.0047,0.0045,0.0000,0.0000,0.0000,0.0044,0.0044,0.0047,0.0046,0.0046,0.0044,0.0000,0.0000,0.0000,0.0045,0.0046,0.0046,0.0046,0.0047,0.0043,0.0000,0.0000,0.0000,0.0046,0.0048,0.0046,0.0047,0.0047,0.0048,0.0000,0.0000,0.0000,0.0000,0.0045,0.0044,0.0043,0.0045,0.0045,0.0000,0.0000
[EITKit] Sending Frame Data...
FRAME_DATA,0.0000,0.0000,0.0046,0.0047,0.0049,0.0049,0.0042,0.0000,0.0000,0.0000,0.0000,0.0041,0.0040,0.0040,0.0042,0.0040,0.0046,0.0000,0.0000,0.0000,0.0046,0.0044,0.0046,0.0045,0.0047,0.0044,0.0000,0.0000,0.0000,0.0046,0.0045,0.0047,0.0047,0.0046,0.0046,0.0000,0.0000,0.0000,0.0047,0.0047,0.0047,0.0046,0.0047,0.0044,0.0000,0.0000,0.0000,0.0046,0.0048,0.0045,0.0049,0.0045,0.0048,0.0000,0.0000,0.0000,0.0000,0.0045,0.0045,0.0042,0.0045,0.0045,0.0000,0.0000
[EITKit] Sending Frame Data...
FRAME_DATA,0.0000,0.0000,0.0047,0.0047,0.0048,0.0048,0.0045,0.0000,0.0000,0.0000,0.0000,0.0041,0.0042,0.0042,0.0044,0.0042,0.0046,0.0000,0.0000,0.0000,0.0046,0.0046,0.0047,0.0045,0.0046,0.0045,0.0000,0.0000,0.0000,0.0046,0.0046,0.0049,0.0046,0.0047,0.0046,0.0000,0.0000,0.0000,0.0046,0.0047,0.0047,0.0046,0.0047,0.0045,0.0000,0.0000,0.0000,0.0046,0.0048,0.0045,0.0047,0.0045,0.0047,0.0000,0.0000,0.0000,0.0000,0.0045,0.0045,0.0043,0.0045,0.0046,0.0000,0.0000
[EITKit] Sending Frame Data...
FRAME_DATA,0.0000,0.0000,0.0048,0.0047,0.0049,0.0049,0.0047,0.0000,0.0000,0.0000,0.0000,0.0043,0.0043,0.0043,0.0045,0.0043,0.0045,0.0000,0.0000,0.0000,0.0046,0.0045,0.0048,0.0046,0.0045,0.0044,0.0000,0.0000,0.0000,0.0046,0.0047,0.0048,0.0047,0.0047,0.0046,0.0000,0.0000,0.0000,0.0046,0.0048,0.0047,0.0044,0.0047,0.0045,0.0000,0.0000,0.0000,0.0047,0.0049,0.0044,0.0046,0.0044,0.0047,0.0000,0.0000,0.0000,0.0000,0.0044,0.0045,0.0042,0.0045,0.0045,0.0000,0.0000
[EITKit] Sending Frame Data...
FRAME_DATA,0.0000,0.0000,0.0048,0.0048,0.0048,0.0047,0.0047,0.0000,0.0000,0.0000,0.0000,0.0044,0.0045,0.0045,0.0047,0.0044,0.0047,0.0000,0.0000,0.0000,0.0048,0.0046,0.0048,0.0046,0.0047,0.0045,0.0000,0.0000,0.0000,0.0046,0.0045,0.0047,0.0048,0.0047,0.0047,0.0000,0.0000,0.0000,0.0047,0.0047,0.0048,0.0045,0.0049,0.0047,0.0000,0.0000,0.0000,0.0048,0.0050,0.0045,0.0048,0.0047,0.0048,0.0000,0.0000,0.0000,0.0000,0.0045,0.0045,0.0044,0.0046,0.0046,0.0000,0.0000
[EITKit] Sending Frame Data...
FRAME_DATA,0.0000,0.0000,0.0049,0.0048,0.0048,0.0048,0.0048,0.0000,0.0000,0.0000,0.0000,0.0044,0.0046,0.0047,0.0047,0.0044,0.0047,0.0000,0.0000,0.0000,0.0048,0.0048,0.0047,0.0046,0.0048,0.0046,0.0000,0.0000,0.0000,0.0046,0.0048,0.0047,0.0048,0.0047,0.0046,0.0000,0.0000,0.0000,0.0048,0.0048,0.0047,0.0045,0.0048,0.0047,0.0000,0.0000,0.0000,0.0048,0.0049,0.0047,0.0048,0.0047,0.0049,0.0000,0.0000,0.0000,0.0000,0.0046,0.0044,0.0044,0.0047,0.0047,0.0000,0.0000
[EITKit] Sending Frame Data...
FRAME_DATA,0.0000,0.0000,0.0048,0.0048,0.0049,0.0049,0.0048,0.0000,0.0000,0.0000,0.0000,0.0044,0.0046,0.0046,0.0047,0.0045,0.0048,0.0000,0.0000,0.0000,0.0047,0.0047,0.0048,0.0047,0.0047,0.0046,0.0000,0.0000,0.0000,0.0046,0.0048,0.0048,0.0048,0.0045,0.0047,0.0000,0.0000,0.0000,0.0047,0.0048,0.0048,0.0044,0.0047,0.0046,0.0000,0.0000,0.0000,0.0047,0.0049,0.0047,0.0046,0.0046,0.0048,0.0000,0.0000,0.0000,0.0000,0.0044,0.0046,0.0043,0.0047,0.0047,0.0000,0.0000
[EITKit] Sending Frame Data...
FRAME_DATA,0.0000,0.0000,0.0047,0.0048,0.0048,0.0048,0.0049,0.0000,0.0000,0.0000,0.0000,0.0042,0.0045,0.0046,0.0046,0.0043,0.0048,0.0000,0.0000,0.0000,0.0047,0.0046,0.0046,0.0046,0.0048,0.0046,0.0000,0.0000,0.0000,0.0044,0.0047,0.0047,0.0047,0.0046,0.0048,0.0000,0.0000,0.0000,0.0046,0.0046,0.0050,0.0045,0.0047,0.0046,0.0000,0.0000,0.0000,0.0047,0.0049,0.0047,0.0048,0.0046,0.0047,0.0000,0.0000,0.0000,0.0000,0.0046,0.0046,0.0044,0.0048,0.0047,0.0000,0.0000
[EITKit] Sending Frame Data...
FRAME_DATA,0.0000,0.0000,0.0048,0.0049,0.0049,0.0049,0.0048,0.0000,0.0000,0.0000,0.0000,0.0043,0.0047,0.0046,0.0045,0.0043,0.0048,0.0000,0.0000,0.0000,0.0048,0.0047,0.0047,0.0047,0.0049,0.0045,0.0000,0.0000,0.0000,0.0045,0.0047,0.0044,0.0046,0.0048,0.0047,0.0000,0.0000,0.0000,0.0047,0.0048,0.0050,0.0048,0.0048,0.0047,0.0000,0.0000,0.0000,0.0047,0.0048,0.0047,0.0047,0.0047,0.0047,0.0000,0.0000,0.0000,0.0000,0.0044,0.0047,0.0047,0.0048,0.0048,0.0000,0.0000
[EITKit] Sending Frame Data...
FRAME_DATA,0.0000,0.0000,0.0050,0.0048,0.0049,0.0048,0.0049,0.0000,0.0000,0.0000,0.0000,0.0045,0.0047,0.0047,0.0044,0.0044,0.0048,0.0000,0.0000,0.0000,0.0049,0.0048,0.0046,0.0045,0.0049,0.0045,0.0000,0.0000,0.0000,0.0048,0.0047,0.0045,0.0047,0.0048,0.0047,0.0000,0.0000,0.0000,0.0049,0.0047,0.0049,0.0047,0.0047,0.0046,0.0000,0.0000,0.0000,0.0045,0.0048,0.0048,0.0049,0.0047,0.0048,0.0000,0.0000,0.0000,0.0000,0.0044,0.0046,0.0047,0.0049,0.0046,0.0000,0.0000
[EITKit] Sending Frame Data...
FRAME_DATA,0.0000,0.0000,0.0048,0.0045,0.0049,0.0048,0.0048,0.0000,0.0000,0.0000,0.0000,0.0043,0.0047,0.0045,0.0045,0.0044,0.0047,0.0000,0.0000,0.0000,0.0047,0.0047,0.0048,0.0047,0.0049,0.0046,0.0000,0.0000,0.0000,0.0047,0.0047,0.0047,0.0047,0.0047,0.0047,0.0000,0.0000,0.0000,0.0048,0.0047,0.0050,0.0034,0.0036,0.0039,0.0000,0.0000,0.0000,0.0036,0.0035,0.0033,0.0036,0.0036,0.0037,0.0000,0.0000,0.0000,0.0000,0.0034,0.0033,0.0033,0.0035,0.0034,0.0000,0.0000
[EITKit] Sending Frame Data...
FRAME_DATA,0.0000,0.0000,0.0049,0.0048,0.0051,0.0049,0.0047,0.0000,0.0000,0.0000,0.0000,0.0044,0.0046,0.0045,0.0044,0.0043,0.0050,0.0000,0.0000,0.0000,0.0047,0.0048,0.0048,0.0047,0.0050,0.0046,0.0000,0.0000,0.0000,0.0049,0.0047,0.0048,0.0050,0.0047,0.0049,0.0000,0.0000,0.0000,0.0048,0.0047,0.0050,0.0042,0.0042,0.0044,0.0000,0.0000,0.0000,0.0041,0.0041,0.0040,0.0043,0.0042,0.0044,0.0000,0.0000,0.0000,0.0000,0.0039,0.0041,0.0040,0.0042,0.0041,0.0000,0.0000
[EITKit] Sending Frame Data...
FRAME_DATA,0.0000,0.0000,0.0051,0.0048,0.0050,0.0048,0.0047,0.0000,0.0000,0.0000,0.0000,0.0044,0.0046,0.0045,0.0043,0.0043,0.0049,0.0000,0.0000,0.0000,0.0048,0.0047,0.0043,0.0036,0.0039,0.0035,0.0000,0.0000,0.0000,0.0034,0.0034,0.0035,0.0037,0.0037,0.0038,0.0000,0.0000,0.0000,0.0049,0.0047,0.0051,0.0045,0.0045,0.0047,0.0000,0.0000,0.0000,0.0044,0.0046,0.0045,0.0045,0.0045,0.0046,0.0000,0.0000,0.0000,0.0000,0.0042,0.0043,0.0043,0.0045,0.0045,0.0000,0.0000
[EITKit] Sending Frame Data...
FRAME_DATA,0.0000,0.0000,0.0038,0.0036,0.0037,0.0047,0.0047,0.0000,0.0000,0.0000,0.0000,0.0045,0.0045,0.0045,0.0043,0.0043,0.0048,0.0000,0.0000,0.0000,0.0046,0.0046,0.0044,0.0038,0.0044,0.0042,0.0000,0.0000,0.0000,0.0040,0.0039,0.0039,0.0045,0.0042,0.0042,0.0000,0.0000,0.0000,0.0048,0.0047,0.0049,0.0046,0.0044,0.0046,0.0000,0.0000,0.0000,0.0044,0.0046,0.0047,0.0045,0.0045,0.0045,0.0000,0.0000,0.0000,0.0000,0.0045,0.0045,0.0045,0.0047,0.0046,0.0000,0.0000
[EITKit] Sending Frame Data...
FRAME_DATA,0.0000,0.0000,0.0041,0.0041,0.0043,0.0048,0.0047,0.0000,0.0000,0.0000,0.0000,0.0043,0.0044,0.0045,0.0044,0.0045,0.0046,0.0000,0.0000,0.0000,0.0046,0.0045,0.0046,0.0042,0.0046,0.0042,0.0000,0.0000,0.0000,0.0041,0.0042,0.0043,0.0045,0.0042,0.0044,0.0000,0.0000,0.0000,0.0047,0.0046,0.0047,0.0044,0.0044,0.0046,0.0000,0.0000,0.0000,0.0045,0.0048,0.0045,0.0045,0.0043,0.0045,0.0000,0.0000,0.0000,0.0000,0.0044,0.0046,0.0043,0.0045,0.0046,0.0000,0.0000
[EITKit] Sending Frame Data...
FRAME_DATA,0.0000,0.0000,0.0046,0.0045,0.0046,0.0048,0.0047,0.0000,0.0000,0.0000,0.0000,0.0045,0.0044,0.0044,0.0043,0.0043,0.0047,0.0000,0.0000,0.0000,0.0046,0.0045,0.0047,0.0043,0.0046,0.0044,0.0000,0.0000,0.0000,0.0043,0.0046,0.0044,0.0046,0.0044,0.0046,0.0000,0.0000,0.0000,0.0046,0.0046,0.0048,0.0045,0.0046,0.0046,0.0000,0.0000,0.0000,0.0046,0.0048,0.0045,0.0047,0.0046,0.0045,0.0000,0.0000,0.0000,0.0000,0.0044,0.0046,0.0045,0.0047,0.0046,0.0000,0.0000
[EITKit] Sending Frame Data...
FRAME_DATA,0.0000,0.0000,0.0045,0.0044,0.0043,0.0045,0.0042,0.0000,0.0000,0.0000,0.0000,0.0042,0.0042,0.0039,0.0039,0.0038,0.0045,0.0000,0.0000,0.0000,0.0045,0.0044,0.0044,0.0040,0.0043,0.0043,0.0000,0.0000,0.0000,0.0041,0.0042,0.0041,0.0043,0.0042,0.0044,0.0000,0.0000,0.0000,0.0043,0.0043,0.0044,0.0043,0.0043,0.0043,0.0000,0.0000,0.0000,0.0043,0.0046,0.0043,0.0045,0.0045,0.0044,0.0000,0.0000,0.0000,0.0000,0.0041,0.0043,0.0044,0.0045,0.0044,0.0000,0.0000
[EITKit] Sending Frame Data...
FRAME_DATA,0.0000,0.0000,0.0042,0.0045,0.0042,0.0043,0.0041,0.0000,0.0000,0.0000,0.0000,0.0038,0.0039,0.0040,0.0039,0.0036,0.0041,0.0000,0.0000,0.0000,0.0042,0.0041,0.0042,0.0037,0.0039,0.0038,0.0000,0.0000,0.0000,0.0039,0.0041,0.0039,0.0037,0.0038,0.0040,0.0000,0.0000,0.0000,0.0041,0.0039,0.0037,0.0036,0.0037,0.0039,0.0000,0.0000,0.0000,0.0038,0.0039,0.0037,0.0038,0.0039,0.0040,0.0000,0.0000,0.0000,0.0000,0.0035,0.0037,0.0036,0.0039,0.0037,0.0000,0.0000
[EITKit] Sending Frame Data...
FRAME_DATA,0.0000,0.0000,0.0036,0.0037,0.0039,0.0039,0.0038,0.0000,0.0000,0.0000,0.0000,0.0031,0.0033,0.0033,0.0035,0.0034,0.0039,0.0000,0.0000,0.0000,0.0036,0.0036,0.0038,0.0036,0.0037,0.0036,0.0000,0.0000,0.0000,0.0035,0.0036,0.0037,0.0036,0.0035,0.0035,0.0000,0.0000,0.0000,0.0035,0.0035,0.0037,0.0035,0.0035,0.0034,0.0000,0.0000,0.0000,0.0035,0.0039,0.0036,0.0037,0.0037,0.0036,0.0000,0.0000,0.0000,0.0000,0.0035,0.0035,0.0034,0.0036,0.0035,0.0000,0.0000
[EITKit] Sending Frame Data...
FRAME_DATA,0.0000,0.0000,0.0039,0.0038,0.0039,0.0036,0.0035,0.0000,0.0000,0.0000,0.0000,0.0034,0.0036,0.0033,0.0034,0.0033,0.0040,0.0000,0.0000,0.0000,0.0037,0.0037,0.0037,0.0034,0.0039,0.0038,0.0000,0.0000,0.0000,0.0037,0.0036,0.0037,0.0038,0.0037,0.0037,0.0000,0.0000,0.0000,0.0038,0.0036,0.0038,0.0037,0.0038,0.0037,0.0000,0.0000,0.0000,0.0037,0.0039,0.0037,0.0039,0.0038,0.0038,0.0000,0.0000,0.0000,0.0000,0.0034,0.0036,0.0034,0.0038,0.0036,0.0000,0.0000
[EITKit] Sending Frame Data...
FRAME_DATA,0.0000,0.0000,0.0039,0.0036,0.0039,0.0039,0.0037,0.0000,0.0000,0.0000,0.0000,0.0032,0.0033,0.0032,0.0033,0.0033,0.0037,0.0000,0.0000,0.0000,0.0035,0.0036,0.0036,0.0036,0.0038,0.0037,0.0000,0.0000,0.0000,0.0034,0.0034,0.0036,0.0037,0.0037,0.0036,0.0000,0.0000,0.0000,0.0036,0.0036,0.0039,0.0038,0.0038,0.0036,0.0000,0.0000,0.0000,0.0036,0.0041,0.0039,0.0040,0.0038,0.0036,0.0000,0.0000,0.0000,0.0000,0.0036,0.0038,0.0034,0.0036,0.0034,0.0000,0.0000
[EITKit] Sending Frame Data...
FRAME_DATA,0.0000,0.0000,0.0040,0.0035,0.0037,0.0037,0.0037,0.0000,0.0000,0.0000,0.0000,0.0032,0.0032,0.0030,0.0033,0.0032,0.0038,0.0000,0.0000,0.0000,0.0036,0.0035,0.0034,0.0033,0.0039,0.0037,0.0000,0.0000,0.0000,0.0033,0.0033,0.0033,0.0040,0.0038,0.0037,0.0000,0.0000,0.0000,0.0037,0.0033,0.0040,0.0038,0.0039,0.0035,0.0000,0.0000,0.0000,0.0034,0.0040,0.0038,0.0040,0.0037,0.0035,0.0000,0.0000,0.0000,0.0000,0.0038,0.0040,0.0037,0.0036,0.0034,0.0000,0.0000
[EITKit] Sending Frame Data...
FRAME_DATA,0.0000,0.0000,0.0040,0.0036,0.0038,0.0035,0.0037,0.0000,0.0000,0.0000,0.0000,0.0033,0.0035,0.0030,0.0031,0.0030,0.0038,0.0000,0.0000,0.0000,0.0038,0.0037,0.0035,0.0035,0.0040,0.0039,0.0000,0.0000,0.0000,0.0036,0.0036,0.0035,0.0036,0.0039,0.0039,0.0000,0.0000,0.0000,0.0039,0.0035,0.0038,0.0036,0.0038,0.0036,0.0000,0.0000,0.0000,0.0036,0.0037,0.0036,0.0038,0.0037,0.0037,0.0000,0.0000,0.0000,0.0000,0.0035,0.0036,0.0035,0.0035,0.0034,0.0000,0.0000
[EITKit] Sending Frame Data...
FRAME_DATA,0.0000,0.0000,0.0036,0.0038,0.0040,0.0038,0.0038,0.0000,0.0000,0.0000,0.0000,0.0033,0.0036,0.0033,0.0034,0.0034,0.0036,0.0000,0.0000,0.0000,0.0035,0.0036,0.0037,0.0037,0.0037,0.0036,0.0000,0.0000,0.0000,0.0035,0.0038,0.0038,0.0037,0.0035,0.0038,0.0000,0.0000,0.0000,0.0040,0.0038,0.0038,0.0036,0.0035,0.0035,0.0000,0.0000,0.0000,0.0037,0.0038,0.0033,0.0035,0.0034,0.0036,0.0000,0.0000,0.0000,0.0000,0.0035,0.0036,0.0034,0.0034,0.0033,0.0000,0.0000
[EITKit] Sending Frame Data...
FRAME_DATA,0.0000,0.0000,0.0039,0.0036,0.0037,0.0037,0.0039,0.0000,0.0000,0.0000,0.0000,0.0034,0.0031,0.0029,0.0033,0.0034,0.0038,0.0000,0.0000,0.0000,0.0036,0.0034,0.0036,0.0035,0.0037,0.0036,0.0000,0.0000,0.0000,0.0035,0.0035,0.0038,0.0039,0.0036,0.0037,0.0000,0.0000,0.0000,0.0037,0.0035,0.0040,0.0037,0.0037,0.0036,0.0000,0.0000,0.0000,0.0035,0.0040,0.0037,0.0037,0.0036,0.0037,0.0000,0.0000,0.0000,0.0000,0.0037,0.0038,0.0036,0.0036,0.0033,0.0000,0.0000
[EITKit] Sending Frame Data...
FRAME_DATA,0.0000,0.0000,0.0040,0.0038,0.0037,0.0038,0.0036,0.0000,0.0000,0.0000,0.0000,0.0036,0.0034,0.0033,0.0033,0.0034,0.0039,0.0000,0.0000,0.0000,0.0039,0.0036,0.0037,0.0035,0.0038,0.0037,0.0000,0.0000,0.0000,0.0037,0.0035,0.0038,0.0040,0.0037,0.0040,0.0000,0.0000,0.0000,0.0038,0.0034,0.0038,0.0037,0.0039,0.0036,0.0000,0.0000,0.0000,0.0035,0.0038,0.0037,0.0038,0.0039,0.0037,0.0000,0.0000,0.0000,0.0000,0.0033,0.0037,0.0037,0.0039,0.0035,0.0000,0.0000
[EITKit] Sending Frame Data...
FRAME_DATA,0.0000,0.0000,0.0040,0.0039,0.0039,0.0039,0.0035,0.0000,0.0000,0.0000,0.0000,0.0037,0.0036,0.0033,0.0032,0.0032,0.0041,0.0000,0.0000,0.0000,0.0040,0.0039,0.0039,0.0035,0.0040,0.0039,0.0000,0.0000,0.0000,0.0039,0.0037,0.0038,0.0041,0.0039,0.0041,0.0000,0.0000,0.0000,0.0040,0.0036,0.0037,0.0038,0.0039,0.0039,0.0000,0.0000,0.0000,0.0038,0.0038,0.0037,0.0037,0.0038,0.0039,0.0000,0.0000,0.0000,0.0000,0.0033,0.0036,0.0035,0.0038,0.0037,0.0000,0.0000
[EITKit] Sending Frame Data...
FRAME_DATA,0.0000,0.0000,0.0041,0.0042,0.0039,0.0039,0.0037,0.0000,0.0000,0.0000,0.0000,0.0039,0.0038,0.0034,0.0033,0.0031,0.0042,0.0000,0.0000,0.0000,0.0039,0.0039,0.0038,0.0036,0.0040,0.0041,0.0000,0.0000,0.0000,0.0041,0.0038,0.0038,0.0041,0.0041,0.0042,0.0000,0.0000,0.0000,0.0040,0.0039,0.0038,0.0039,0.0040,0.0040,0.0000,0.0000,0.0000,0.0039,0.0040,0.0038,0.0038,0.0040,0.0040,0.0000,0.0000,0.0000,0.0000,0.0033,0.0035,0.0036,0.0040,0.0038,0.0000,0.0000
[EITKit] Sending Frame Data...
FRAME_DATA,0.0000,0.0000,0.0041,0.0044,0.0042,0.0039,0.0039,0.0000,0.0000,0.0000,0.0000,0.0040,0.0038,0.0036,0.0035,0.0032,0.0040,0.0000,0.0000,0.0000,0.0039,0.0041,0.0039,0.0036,0.0039,0.0039,0.0000,0.0000,0.0000,0.0040,0.0039,0.0038,0.0039,0.0041,0.0041,0.0000,0.0000,0.0000,0.0042,0.0040,0.0039,0.0039,0.0039,0.0041,0.0000,0.0000,0.0000,0.0041,0.0040,0.0037,0.0041,0.0041,0.0041,0.0000,0.0000,0.0000,0.0000,0.0034,0.0035,0.0036,0.0039,0.0039,0.0000,0.0000
[EITKit] Sending Frame Data...
FRAME_DATA,0.0000,0.0000,0.0043,0.0044,0.0044,0.0041,0.0041,0.0000,0.0000,0.0000,0.0000,0.0039,0.0041,0.0039,0.0039,0.0033,0.0040,0.0000,0.0000,0.0000,0.0040,0.0042,0.0040,0.0038,0.0038,0.0039,0.0000,0.0000,0.0000,0.0041,0.0039,0.0039,0.0039,0.0041,0.0042,0.0000,0.0000,0.0000,0.0042,0.0040,0.0038,0.0038,0.0040,0.0041,0.0000,0.0000,0.0000,0.0041,0.0039,0.0038,0.0040,0.0040,0.0042,0.0000,0.0000,0.0000,0.0000,0.0035,0.0037,0.0037,0.0040,0.0042,0.0000,0.0000
[EITKit] Sending Frame Data...
FRAME_DATA,0.0000,0.0000,0.0043,0.0042,0.0045,0.0042,0.0040,0.0000,0.0000,0.0000,0.0000,0.0038,0.0042,0.0039,0.0040,0.0036,0.0041,0.0000,0.0000,0.0000,0.0041,0.0044,0.0041,0.0039,0.0040,0.0041,0.0000,0.0000,0.0000,0.0041,0.0042,0.0040,0.0040,0.0039,0.0042,0.0000,0.0000,0.0000,0.0042,0.0039,0.0039,0.0038,0.0039,0.0042,0.0000,0.0000,0.0000,0.0041,0.0040,0.0037,0.0040,0.0041,0.0042,0.0000,0.0000,0.0000,0.0000,0.0036,0.0036,0.0035,0.0039,0.0040,0.0000,0.0000
[EITKit] Sending Frame Data...
FRAME_DATA,0.0000,0.0000,0.0043,0.0042,0.0045,0.0041,0.0041,0.0000,0.0000,0.0000,0.0000,0.0039,0.0043,0.0039,0.0039,0.0035,0.0043,0.0000,0.0000,0.0000,0.0041,0.0041,0.0039,0.0037,0.0042,0.0041,0.0000,0.0000,0.0000,0.0042,0.0041,0.0039,0.0043,0.0041,0.0043,0.0000,0.0000,0.0000,0.0043,0.0041,0.0041,0.0039,0.0042,0.0041,0.0000,0.0000,0.0000,0.0041,0.0040,0.0037,0.0042,0.0043,0.0042,0.0000,0.0000,0.0000,0.0000,0.0034,0.0038,0.0038,0.0041,0.0041,0.0000,0.0000
[EITKit] Sending Frame Data...
FRAME_DATA,0.0000,0.0000,0.0042,0.0042,0.0045,0.0041,0.0040,0.0000,0.0000,0.0000,0.0000,0.0039,0.0041,0.0039,0.0037,0.0036,0.0043,0.0000,0.0000,0.0000,0.0041,0.0041,0.0040,0.0036,0.0043,0.0041,0.0000,0.0000,0.0000,0.0041,0.0041,0.0039,0.0044,0.0042,0.0041,0.0000,0.0000,0.0000,0.0042,0.0040,0.0042,0.0042,0.0042,0.0040,0.0000,0.0000,0.0000,0.0042,0.0042,0.0041,0.0045,0.0043,0.0044,0.0000,0.0000,0.0000,0.0000,0.0038,0.0041,0.0039,0.0043,0.0040,0.0000,0.0000
[EITKit] Sending Frame Data...
FRAME_DATA,0.0000,0.0000,0.0043,0.0043,0.0044,0.0041,0.0043,0.0000,0.0000,0.0000,0.0000,0.0039,0.0040,0.0040,0.0039,0.0038,0.0042,0.0000,0.0000,0.0000,0.0039,0.0040,0.0039,0.0038,0.0043,0.0040,0.0000,0.0000,0.0000,0.0039,0.0041,0.0038,0.0043,0.0042,0.0041,0.0000,0.0000,0.0000,0.0040,0.0038,0.0042,0.0042,0.0042,0.0039,0.0000,0.0000,0.0000,0.0040,0.0045,0.0041,0.0043,0.0042,0.0042,0.0000,0.0000,0.0000,0.0000,0.0041,0.0041,0.0041,0.0041,0.0041,0.0000,0.0000
[EITKit] Sending Frame Data...
FRAME_DATA,0.0000,0.0000,0.0041,0.0043,0.0043,0.0042,0.0042,0.0000,0.0000,0.0000,0.0000,0.0037,0.0039,0.0040,0.0040,0.0041,0.0040,0.0000,0.0000,0.0000,0.0039,0.0041,0.0042,0.0040,0.0044,0.0040,0.0000,0.0000,0.0000,0.0038,0.0042,0.0041,0.0043,0.0041,0.0043,0.0000,0.0000,0.0000,0.0041,0.0040,0.0044,0.0041,0.0041,0.0039,0.0000,0.0000,0.0000,0.0041,0.0045,0.0042,0.0042,0.0039,0.0041,0.0000,0.0000,0.0000,0.0000,0.0040,0.0041,0.0041,0.0039,0.0040,0.0000,0.0000
[EITKit] Sending Frame Data...
FRAME_DATA,0.0000,0.0000,0.0043,0.0043,0.0045,0.0043,0.0042,0.0000,0.0000,0.0000,0.0000,0.0037,0.0040,0.0039,0.0039,0.0038,0.0041,0.0000,0.0000,0.0000,0.0039,0.0041,0.0042,0.0041,0.0040,0.0041,0.0000,0.0000,0.0000,0.0039,0.0043,0.0042,0.0044,0.0042,0.0042,0.0000,0.0000,0.0000,0.0043,0.0042,0.0042,0.0040,0.0041,0.0040,0.0000,0.0000,0.0000,0.0043,0.0044,0.0041,0.0041,0.0040,0.0042,0.0000,0.0000,0.0000,0.0000,0.0040,0.0041,0.0039,0.0039,0.0041,0.0000,0.0000
[EITKit] Sending Frame Data...
FRAME_DATA,0.0000,0.0000,0.0044,0.0043,0.0046,0.0043,0.0042,0.0000,0.0000,0.0000,0.0000,0.0040,0.0041,0.0040,0.0038,0.0037,0.0042,0.0000,0.0000,0.0000,0.0042,0.0041,0.0043,0.0039,0.0042,0.0042,0.0000,0.0000,0.0000,0.0040,0.0042,0.0042,0.0043,0.0042,0.0041,0.0000,0.0000,0.0000,0.0043,0.0040,0.0042,0.0041,0.0044,0.0042,0.0000,0.0000,0.0000,0.0042,0.0043,0.0041,0.0042,0.0042,0.0043,0.0000,0.0000,0.0000,0.0000,0.0040,0.0041,0.0040,0.0041,0.0041,0.0000,0.0000
[EITKit] Sending Frame Data...
FRAME_DATA,0.0000,0.0000,0.0042,0.0043,0.0044,0.0041,0.0042,0.0000,0.0000,0.0000,0.0000,0.0040,0.0040,0.0038,0.0037,0.0035,0.0043,0.0000,0.0000,0.0000,0.0041,0.0041,0.0041,0.0037,0.0042,0.0043,0.0000,0.0000,0.0000,0.0041,0.0040,0.0041,0.0044,0.0042,0.0044,0.0000,0.0000,0.0000,0.0043,0.0039,0.0041,0.0040,0.0044,0.0043,0.0000,0.0000,0.0000,0.0040,0.0043,0.0042,0.0042,0.0041,0.0041,0.0000,0.0000,0.0000,0.0000,0.0039,0.0042,0.0040,0.0041,0.0041,0.0000,0.0000
[EITKit] Sending Frame Data...
FRAME_DATA,0.0000,0.0000,0.0042,0.0041,0.0040,0.0039,0.0043,0.0000,0.0000,0.0000,0.0000,0.0038,0.0038,0.0034,0.0037,0.0036,0.0044,0.0000,0.0000,0.0000,0.0040,0.0041,0.0041,0.0038,0.0043,0.0042,0.0000,0.0000,0.0000,0.0039,0.0039,0.0040,0.0043,0.0042,0.0042,0.0000,0.0000,0.0000,0.0043,0.0038,0.0043,0.0040,0.0043,0.0039,0.0000,0.0000,0.0000,0.0040,0.0044,0.0042,0.0043,0.0040,0.0043,0.0000,0.0000,0.0000,0.0000,0.0039,0.0043,0.0042,0.0042,0.0041,0.0000,0.0000
[EITKit] Sending Frame Data...
FRAME_DATA,0.0000,0.0000,0.0041,0.0041,0.0042,0.0042,0.0043,0.0000,0.0000,0.0000,0.0000,0.0035,0.0036,0.0034,0.0037,0.0036,0.0042,0.0000,0.0000,0.0000,0.0039,0.0040,0.0040,0.0040,0.0041,0.0041,0.0000,0.0000,0.0000,0.0040,0.0040,0.0040,0.0043,0.0041,0.0043,0.0000,0.0000,0.0000,0.0043,0.0040,0.0042,0.0040,0.0041,0.0039,0.0000,0.0000,0.0000,0.0039,0.0043,0.0041,0.0041,0.0040,0.0042,0.0000,0.0000,0.0000,0.0000,0.0040,0.0042,0.0039,0.0039,0.0040,0.0000,0.0000
[EITKit] Sending Frame Data...
FRAME_DATA,0.0000,0.0000,0.0041,0.0040,0.0042,0.0042,0.0044,0.0000,0.0000,0.0000,0.0000,0.0033,0.0036,0.0035,0.0039,0.0038,0.0040,0.0000,0.0000,0.0000,0.0041,0.0039,0.0041,0.0041,0.0041,0.0040,0.0000,0.0000,0.0000,0.0038,0.0039,0.0039,0.0042,0.0040,0.0043,0.0000,0.0000,0.0000,0.0041,0.0039,0.0043,0.0040,0.0041,0.0038,0.0000,0.0000,0.0000,0.0040,0.0044,0.0042,0.0042,0.0041,0.0040,0.0000,0.0000,0.0000,0.0000,0.0042,0.0042,0.0038,0.0040,0.0038,0.0000,0.0000
[EITKit] Sending Frame Data...
FRAME_DATA,0.0000,0.0000,0.0043,0.0040,0.0041,0.0040,0.0044,0.0000,0.0000,0.0000,0.0000,0.0037,0.0038,0.0036,0.0038,0.0038,0.0041,0.0000,0.0000,0.0000,0.0040,0.0039,0.0039,0.0039,0.0043,0.0041,0.0000,0.0000,0.0000,0.0038,0.0038,0.0039,0.0044,0.0041,0.0044,0.0000,0.0000,0.0000,0.0042,0.0039,0.0043,0.0041,0.0043,0.0038,0.0000,0.0000,0.0000,0.0039,0.0043,0.0043,0.0041,0.0043,0.0039,0.0000,0.0000,0.0000,0.0000,0.0041,0.0043,0.0039,0.0041,0.0039,0.0000,0.0000
[EITKit] Sending Frame Data...
FRAME_DATA,0.0000,0.0000,0.0044,0.0042,0.0041,0.0041,0.0042,0.0000,0.0000,0.0000,0.0000,0.0037,0.0041,0.0035,0.0037,0.0037,0.0042,0.0000,0.0000,0.0000,0.0042,0.0039,0.0040,0.0039,0.0042,0.0041,0.0000,0.0000,0.0000,0.0040,0.0038,0.0039,0.0042,0.0042,0.0043,0.0000,0.0000,0.0000,0.0043,0.0039,0.0041,0.0041,0.0043,0.0040,0.0000,0.0000,0.0000,0.0039,0.0043,0.0042,0.0041,0.0042,0.0041,0.0000,0.0000,0.0000,0.0000,0.0039,0.0039,0.0038,0.0042,0.0039,0.0000,0.0000
[EITKit] Sending Frame Data...
FRAME_DATA,0.0000,0.0000,0.0045,0.0044,0.0043,0.0042,0.0043,0.0000,0.0000,0.0000,0.0000,0.0038,0.0040,0.0037,0.0037,0.0035,0.0042,0.0000,0.0000,0.0000,0.0041,0.0040,0.0042,0.0040,0.0040,0.0042,0.0000,0.0000,0.0000,0.0040,0.0041,0.0042,0.0044,0.0041,0.0043,0.0000,0.0000,0.0000,0.0043,0.0042,0.0040,0.0040,0.0043,0.0041,0.0000,0.0000,0.0000,0.0041,0.0041,0.0039,0.0040,0.0041,0.0042,0.0000,0.0000,0.0000,0.0000,0.0039,0.0038,0.0038,0.0042,0.0041,0.0000,0.0000
[EITKit] Sending Frame Data...
FRAME_DATA,0.0000,0.0000,0.0044,0.0045,0.0044,0.0043,0.0045,0.0000,0.0000,0.0000,0.0000,0.0036,0.0039,0.0039,0.0039,0.0036,0.0043,0.0000,0.0000,0.0000,0.0041,0.0041,0.0042,0.0042,0.0040,0.0040,0.0000,0.0000,0.0000,0.0039,0.0042,0.0042,0.0042,0.0041,0.0042,0.0000,0.0000,0.0000,0.0042,0.0042,0.0042,0.0039,0.0041,0.0042,0.0000,0.0000,0.0000,0.0041,0.0044,0.0042,0.0041,0.0041,0.0042,0.0000,0.0000,0.0000,0.0000,0.0039,0.0042,0.0038,0.0041,0.0040,0.0000,0.0000
[EITKit] Sending Frame Data...
FRAME_DATA,0.0000,0.0000,0.0042,0.0041,0.0044,0.0045,0.0045,0.0000,0.0000,0.0000,0.0000,0.0036,0.0040,0.0040,0.0040,0.0039,0.0044,0.0000,0.0000,0.0000,0.0040,0.0039,0.0041,0.0042,0.0043,0.0041,0.0000,0.0000,0.0000,0.0039,0.0041,0.0041,0.0044,0.0042,0.0043,0.0000,0.0000,0.0000,0.0040,0.0041,0.0042,0.0041,0.0042,0.0039,0.0000,0.0000,0.0000,0.0041,0.0045,0.0043,0.0042,0.0043,0.0041,0.0000,0.0000,0.0000,0.0000,0.0042,0.0042,0.0040,0.0042,0.0039,0.0000,0.0000
[EITKit] Sending Frame Data...
FRAME_DATA,0.0000,0.0000,0.0041,0.0043,0.0042,0.0042,0.0044,0.0000,0.0000,0.0000,0.0000,0.0037,0.0039,0.0037,0.0039,0.0040,0.0044,0.0000,0.0000,0.0000,0.0042,0.0042,0.0039,0.0040,0.0045,0.0041,0.0000,0.0000,0.0000,0.0041,0.0041,0.0040,0.0043,0.0043,0.0043,0.0000,0.0000,0.0000,0.0040,0.0040,0.0044,0.0042,0.0042,0.0041,0.0000,0.0000,0.0000,0.0039,0.0044,0.0043,0.0044,0.0042,0.0040,0.0000,0.0000,0.0000,0.0000,0.0043,0.0042,0.0041,0.0042,0.0040,0.0000,0.0000
[EITKit] Sending Frame Data...
FRAME_DATA,0.0000,0.0000,0.0045,0.0043,0.0043,0.0043,0.0043,0.0000,0.0000,0.0000,0.0000,0.0038,0.0040,0.0037,0.0037,0.0038,0.0044,0.0000,0.0000,0.0000,0.0041,0.0042,0.0041,0.0039,0.0045,0.0043,0.0000,0.0000,0.0000,0.0042,0.0042,0.0042,0.0045,0.0044,0.0046,0.0000,0.0000,0.0000,0.0042,0.0043,0.0044,0.0044,0.0043,0.0042,0.0000,0.0000,0.0000,0.0040,0.0044,0.0042,0.0044,0.0042,0.0041,0.0000,0.0000,0.0000,0.0000,0.0040,0.0043,0.0041,0.0043,0.0042,0.0000,0.0000
[EITKit] Sending Frame Data...
FRAME_DATA,0.0000,0.0000,0.0046,0.0043,0.0044,0.0042,0.0043,0.0000,0.0000,0.0000,0.0000,0.0039,0.0040,0.0037,0.0037,0.0035,0.0044,0.0000,0.0000,0.0000,0.0043,0.0042,0.0042,0.0039,0.0043,0.0043,0.0000,0.0000,0.0000,0.0041,0.0042,0.0041,0.0044,0.0045,0.0043,0.0000,0.0000,0.0000,0.0043,0.0042,0.0045,0.0043,0.0044,0.0043,0.0000,0.0000,0.0000,0.0040,0.0044,0.0043,0.0045,0.0044,0.0044,0.0000,0.0000,0.0000,0.0000,0.0041,0.0043,0.0042,0.0044,0.0043,0.0000,0.0000
[EITKit] Sending Frame Data...
FRAME_DATA,0.0000,0.0000,0.0045,0.0044,0.0044,0.0042,0.0041,0.0000,0.0000,0.0000,0.0000,0.0040,0.0041,0.0039,0.0037,0.0036,0.0042,0.0000,0.0000,0.0000,0.0042,0.0041,0.0042,0.0039,0.0043,0.0043,0.0000,0.0000,0.0000,0.0041,0.0042,0.0041,0.0044,0.0044,0.0043,0.0000,0.0000,0.0000,0.0043,0.0042,0.0041,0.0041,0.0044,0.0043,0.0000,0.0000,0.0000,0.0040,0.0042,0.0039,0.0043,0.0042,0.0045,0.0000,0.0000,0.0000,0.0000,0.0038,0.0041,0.0038,0.0043,0.0041,0.0000,0.0000
[EITKit] Sending Frame Data...
FRAME_DATA,0.0000,0.0000,0.0043,0.0044,0.0043,0.0041,0.0039,0.0000,0.0000,0.0000,0.0000,0.0041,0.0040,0.0039,0.0037,0.0035,0.0044,0.0000,0.0000,0.0000,0.0043,0.0042,0.0040,0.0041,0.0043,0.0042,0.0000,0.0000,0.0000,0.0041,0.0040,0.0040,0.0043,0.0043,0.0044,0.0000,0.0000,0.0000,0.0042,0.0041,0.0039,0.0042,0.0043,0.0043,0.0000,0.0000,0.0000,0.0040,0.0042,0.0040,0.0042,0.0041,0.0044,0.0000,0.0000,0.0000,0.0000,0.0035,0.0038,0.0039,0.0042,0.0042,0.0000,0.0000
[EITKit] Sending Frame Data...
FRAME_DATA,0.0000,0.0000,0.0040,0.0040,0.0038,0.0036,0.0037,0.0000,0.0000,0.0000,0.0000,0.0038,0.0037,0.0035,0.0033,0.0031,0.0041,0.0000,0.0000,0.0000,0.0039,0.0038,0.0037,0.0034,0.0042,0.0041,0.0000,0.0000,0.0000,0.0039,0.0036,0.0037,0.0041,0.0041,0.0042,0.0000,0.0000,0.0000,0.0039,0.0038,0.0039,0.0040,0.0042,0.0039,0.0000,0.0000,0.0000,0.0037,0.0039,0.0039,0.0039,0.0039,0.0040,0.0000,0.0000,0.0000,0.0000,0.0033,0.0035,0.0037,0.0040,0.0038,0.0000,0.0000
[EITKit] Sending Frame Data...
FRAME_DATA,0.0000,0.0000,0.0042,0.0039,0.0039,0.0037,0.0035,0.0000,0.0000,0.0000,0.0000,0.0037,0.0037,0.0033,0.0033,0.0030,0.0041,0.0000,0.0000,0.0000,0.0040,0.0038,0.0037,0.0035,0.0040,0.0041,0.0000,0.0000,0.0000,0.0037,0.0037,0.0035,0.0041,0.0041,0.0041,0.0000,0.0000,0.0000,0.0038,0.0039,0.0040,0.0040,0.0041,0.0040,0.0000,0.0000,0.0000,0.0038,0.0040,0.0039,0.0041,0.0040,0.0041,0.0000,0.0000,0.0000,0.0000,0.0031,0.0037,0.0036,0.0039,0.0039,0.0000,0.0000
[EITKit] Sending Frame Data...
FRAME_DATA,0.0000,0.0000,0.0042,0.0036,0.0037,0.0035,0.0035,0.0000,0.0000,0.0000,0.0000,0.0036,0.0036,0.0033,0.0032,0.0029,0.0040,0.0000,0.0000,0.0000,0.0039,0.0038,0.0036,0.0033,0.0040,0.0041,0.0000,0.0000,0.0000,0.0036,0.0037,0.0036,0.0042,0.0041,0.0041,0.0000,0.0000,0.0000,0.0037,0.0035,0.0039,0.0040,0.0040,0.0039,0.0000,0.0000,0.0000,0.0037,0.0040,0.0038,0.0041,0.0038,0.0040,0.0000,0.0000,0.0000,0.0000,0.0033,0.0036,0.0037,0.0040,0.0038,0.0000,0.0000
[EITKit] Sending Frame Data...
FRAME_DATA,0.0000,0.0000,0.0040,0.0038,0.0034,0.0036,0.0037,0.0000,0.0000,0.0000,0.0000,0.0035,0.0034,0.0033,0.0032,0.0031,0.0039,0.0000,0.0000,0.0000,0.0038,0.0039,0.0036,0.0034,0.0040,0.0040,0.0000,0.0000,0.0000,0.0036,0.0034,0.0033,0.0043,0.0039,0.0041,0.0000,0.0000,0.0000,0.0037,0.0034,0.0041,0.0040,0.0041,0.0037,0.0000,0.0000,0.0000,0.0035,0.0040,0.0039,0.0042,0.0037,0.0038,0.0000,0.0000,0.0000,0.0000,0.0032,0.0037,0.0036,0.0039,0.0037,0.0000,0.0000
[EITKit] Sending Frame Data...
FRAME_DATA,0.0000,0.0000,0.0039,0.0036,0.0035,0.0034,0.0036,0.0000,0.0000,0.0000,0.0000,0.0035,0.0034,0.0032,0.0030,0.0029,0.0039,0.0000,0.0000,0.0000,0.0038,0.0037,0.0033,0.0033,0.0040,0.0041,0.0000,0.0000,0.0000,0.0036,0.0034,0.0035,0.0042,0.0041,0.0040,0.0000,0.0000,0.0000,0.0037,0.0033,0.0040,0.0039,0.0041,0.0037,0.0000,0.0000,0.0000,0.0035,0.0038,0.0039,0.0040,0.0037,0.0037,0.0000,0.0000,0.0000,0.0000,0.0031,0.0036,0.0036,0.0039,0.0036,0.0000,0.0000
[EITKit] Sending Frame Data...
FRAME_DATA,0.0000,0.0000,0.0039,0.0037,0.0038,0.0037,0.0037,0.0000,0.0000,0.0000,0.0000,0.0034,0.0033,0.0034,0.0034,0.0031,0.0036,0.0000,0.0000,0.0000,0.0036,0.0036,0.0036,0.0037,0.0036,0.0036,0.0000,0.0000,0.0000,0.0035,0.0037,0.0036,0.0038,0.0038,0.0037,0.0000,0.0000,0.0000,0.0037,0.0035,0.0037,0.0037,0.0037,0.0036,0.0000,0.0000,0.0000,0.0036,0.0040,0.0039,0.0038,0.0035,0.0037,0.0000,0.0000,0.0000,0.0000,0.0033,0.0034,0.0035,0.0034,0.0034,0.0000,0.0000
[EITKit] Sending Frame Data...
FRAME_DATA,0.0000,0.0000,0.0037,0.0038,0.0039,0.0040,0.0041,0.0000,0.0000,0.0000,0.0000,0.0033,0.0034,0.0036,0.0036,0.0035,0.0037,0.0000,0.0000,0.0000,0.0034,0.0034,0.0037,0.0037,0.0037,0.0035,0.0000,0.0000,0.0000,0.0034,0.0036,0.0037,0.0039,0.0037,0.0037,0.0000,0.0000,0.0000,0.0035,0.0036,0.0038,0.0037,0.0035,0.0034,0.0000,0.0000,0.0000,0.0033,0.0040,0.0038,0.0038,0.0033,0.0036,0.0000,0.0000,0.0000,0.0000,0.0036,0.0037,0.0036,0.0036,0.0033,0.0000,0.0000
[EITKit] Sending Frame Data...
FRAME_DATA,0.0000,0.0000,0.0037,0.0035,0.0035,0.0037,0.0038,0.0000,0.0000,0.0000,0.0000,0.0033,0.0031,0.0031,0.0032,0.0033,0.0037,0.0000,0.0000,0.0000,0.0036,0.0034,0.0034,0.0033,0.0039,0.0037,0.0000,0.0000,0.0000,0.0036,0.0035,0.0036,0.0039,0.0038,0.0037,0.0000,0.0000,0.0000,0.0034,0.0035,0.0040,0.0037,0.0036,0.0036,0.0000,0.0000,0.0000,0.0034,0.0039,0.0036,0.0038,0.0034,0.0034,0.0000,0.0000,0.0000,0.0000,0.0033,0.0036,0.0036,0.0038,0.0034,0.0000,0.0000
[EITKit] Sending Frame Data...
FRAME_DATA,0.0000,0.0000,0.0038,0.0038,0.0037,0.0038,0.0036,0.0000,0.0000,0.0000,0.0000,0.0035,0.0033,0.0032,0.0030,0.0032,0.0036,0.0000,0.0000,0.0000,0.0038,0.0035,0.0036,0.0033,0.0038,0.0037,0.0000,0.0000,0.0000,0.0037,0.0038,0.0036,0.0036,0.0037,0.0038,0.0000,0.0000,0.0000,0.0037,0.0035,0.0037,0.0035,0.0036,0.0038,0.0000,0.0000,0.0000,0.0036,0.0039,0.0034,0.0037,0.0035,0.0037,0.0000,0.0000,0.0000,0.0000,0.0032,0.0035,0.0034,0.0037,0.0036,0.0000,0.0000
[EITKit] Sending Frame Data...
FRAME_DATA,0.0000,0.0000,0.0036,0.0034,0.0035,0.0037,0.0038,0.0000,0.0000,0.0000,0.0000,0.0032,0.0031,0.0031,0.0031,0.0034,0.0037,0.0000,0.0000,0.0000,0.0035,0.0033,0.0034,0.0035,0.0036,0.0035,0.0000,0.0000,0.0000,0.0034,0.0034,0.0034,0.0037,0.0034,0.0036,0.0000,0.0000,0.0000,0.0033,0.0033,0.0037,0.0035,0.0036,0.0035,0.0000,0.0000,0.0000,0.0033,0.0041,0.0037,0.0038,0.0036,0.0035,0.0000,0.0000,0.0000,0.0000,0.0033,0.0037,0.0034,0.0036,0.0034,0.0000,0.0000
[EITKit] Sending Frame Data...
FRAME_DATA,0.0000,0.0000,0.0038,0.0036,0.0035,0.0036,0.0035,0.0000,0.0000,0.0000,0.0000,0.0036,0.0034,0.0033,0.0033,0.0033,0.0037,0.0000,0.0000,0.0000,0.0036,0.0035,0.0035,0.0034,0.0036,0.0036,0.0000,0.0000,0.0000,0.0036,0.0036,0.0034,0.0037,0.0035,0.0036,0.0000,0.0000,0.0000,0.0035,0.0035,0.0034,0.0034,0.0036,0.0036,0.0000,0.0000,0.0000,0.0035,0.0038,0.0035,0.0036,0.0036,0.0036,0.0000,0.0000,0.0000,0.0000,0.0032,0.0036,0.0033,0.0035,0.0035,0.0000,0.0000
[EITKit] Sending Frame Data...
FRAME_DATA,0.0000,0.0000,0.0035,0.0035,0.0035,0.0037,0.0035,0.0000,0.0000,0.0000,0.0000,0.0031,0.0032,0.0033,0.0035,0.0034,0.0033,0.0000,0.0000,0.0000,0.0032,0.0034,0.0035,0.0035,0.0033,0.0031,0.0000,0.0000,0.0000,0.0033,0.0034,0.0034,0.0034,0.0033,0.0033,0.0000,0.0000,0.0000,0.0031,0.0033,0.0033,0.0033,0.0034,0.0033,0.0000,0.0000,0.0000,0.0032,0.0038,0.0032,0.0033,0.0032,0.0031,0.0000,0.0000,0.0000,0.0000,0.0033,0.0034,0.0033,0.0033,0.0031,0.0000,0.0000
[EITKit] Sending Frame Data...
FRAME_DATA,0.0000,0.0000,0.0037,0.0035,0.0034,0.0035,0.0033,0.0000,0.0000,0.0000,0.0000,0.0032,0.0033,0.0035,0.0034,0.0030,0.0033,0.0000,0.0000,0.0000,0.0033,0.0035,0.0034,0.0034,0.0032,0.0033,0.0000,0.0000,0.0000,0.0034,0.0035,0.0033,0.0033,0.0033,0.0034,0.0000,0.0000,0.0000,0.0033,0.0035,0.0031,0.0032,0.0033,0.0033,0.0000,0.0000,0.0000,0.0035,0.0035,0.0031,0.0033,0.0033,0.0034,0.0000,0.0000,0.0000,0.0000,0.0032,0.0030,0.0030,0.0033,0.0033,0.0000,0.0000
[EITKit] Sending Frame Data...
FRAME_DATA,0.0000,0.0000,0.0034,0.0033,0.0035,0.0036,0.0034,0.0000,0.0000,0.0000,0.0000,0.0030,0.0031,0.0034,0.0033,0.0031,0.0032,0.0000,0.0000,0.0000,0.0032,0.0034,0.0034,0.0035,0.0032,0.0033,0.0000,0.0000,0.0000,0.0031,0.0032,0.0033,0.0033,0.0032,0.0032,0.0000,0.0000,0.0000,0.0032,0.0033,0.0034,0.0035,0.0033,0.0032,0.0000,0.0000,0.0000,0.0032,0.0037,0.0034,0.0032,0.0033,0.0031,0.0000,0.0000,0.0000,0.0000,0.0033,0.0033,0.0031,0.0031,0.0030,0.0000,0.0000
[EITKit] Sending Frame Data...
FRAME_DATA,0.0000,0.0000,0.0033,0.0033,0.0034,0.0036,0.0035,0.0000,0.0000,0.0000,0.0000,0.0029,0.0028,0.0029,0.0034,0.0031,0.0034,0.0000,0.0000,0.0000,0.0031,0.0032,0.0032,0.0033,0.0033,0.0032,0.0000,0.0000,0.0000,0.0031,0.0030,0.0032,0.0035,0.0033,0.0033,0.0000,0.0000,0.0000,0.0031,0.0031,0.0036,0.0036,0.0033,0.0031,0.0000,0.0000,0.0000,0.0029,0.0037,0.0034,0.0033,0.0032,0.0032,0.0000,0.0000,0.0000,0.0000,0.0033,0.0034,0.0035,0.0035,0.0032,0.0000,0.0000
[EITKit] Sending Frame Data...
FRAME_DATA,0.0000,0.0000,0.0032,0.0030,0.0032,0.0034,0.0036,0.0000,0.0000,0.0000,0.0000,0.0030,0.0026,0.0029,0.0032,0.0032,0.0034,0.0000,0.0000,0.0000,0.0032,0.0031,0.0032,0.0033,0.0035,0.0032,0.0000,0.0000,0.0000,0.0032,0.0031,0.0031,0.0036,0.0034,0.0033,0.0000,0.0000,0.0000,0.0032,0.0029,0.0037,0.0036,0.0035,0.0032,0.0000,0.0000,0.0000,0.0030,0.0039,0.0036,0.0034,0.0032,0.0032,0.0000,0.0000,0.0000,0.0000,0.0032,0.0035,0.0033,0.0034,0.0032,0.0000,0.0000
[EITKit] Sending Frame Data...
FRAME_DATA,0.0000,0.0000,0.0034,0.0034,0.0035,0.0035,0.0035,0.0000,0.0000,0.0000,0.0000,0.0030,0.0030,0.0031,0.0033,0.0032,0.0032,0.0000,0.0000,0.0000,0.0032,0.0034,0.0034,0.0036,0.0032,0.0032,0.0000,0.0000,0.0000,0.0033,0.0034,0.0034,0.0035,0.0033,0.0033,0.0000,0.0000,0.0000,0.0034,0.0033,0.0037,0.0035,0.0032,0.0032,0.0000,0.0000,0.0000,0.0032,0.0038,0.0034,0.0033,0.0031,0.0032,0.0000,0.0000,0.0000,0.0000,0.0031,0.0034,0.0031,0.0032,0.0031,0.0000,0.0000
[EITKit] Sending Frame Data...
FRAME_DATA,0.0000,0.0000,0.0036,0.0035,0.0038,0.0038,0.0037,0.0000,0.0000,0.0000,0.0000,0.0029,0.0031,0.0032,0.0034,0.0035,0.0032,0.0000,0.0000,0.0000,0.0032,0.0033,0.0037,0.0036,0.0032,0.0032,0.0000,0.0000,0.0000,0.0032,0.0034,0.0035,0.0035,0.0033,0.0031,0.0000,0.0000,0.0000,0.0034,0.0035,0.0036,0.0035,0.0033,0.0031,0.0000,0.0000,0.0000,0.0033,0.0040,0.0035,0.0033,0.0031,0.0034,0.0000,0.0000,0.0000,0.0000,0.0034,0.0034,0.0032,0.0031,0.0030,0.0000,0.0000
[EITKit] Sending Frame Data...
FRAME_DATA,0.0000,0.0000,0.0038,0.0038,0.0038,0.0037,0.0036,0.0000,0.0000,0.0000,0.0000,0.0033,0.0034,0.0032,0.0033,0.0032,0.0034,0.0000,0.0000,0.0000,0.0035,0.0036,0.0037,0.0035,0.0034,0.0035,0.0000,0.0000,0.0000,0.0033,0.0036,0.0034,0.0034,0.0033,0.0034,0.0000,0.0000,0.0000,0.0035,0.0036,0.0033,0.0033,0.0035,0.0033,0.0000,0.0000,0.0000,0.0035,0.0038,0.0033,0.0034,0.0033,0.0036,0.0000,0.0000,0.0000,0.0000,0.0033,0.0032,0.0031,0.0031,0.0033,0.0000,0.0000
[EITKit] Sending Frame Data...
FRAME_DATA,0.0000,0.0000,0.0037,0.0037,0.0033,0.0034,0.0034,0.0000,0.0000,0.0000,0.0000,0.0034,0.0033,0.0031,0.0029,0.0032,0.0037,0.0000,0.0000,0.0000,0.0036,0.0036,0.0035,0.0032,0.0036,0.0037,0.0000,0.0000,0.0000,0.0035,0.0036,0.0033,0.0036,0.0035,0.0037,0.0000,0.0000,0.0000,0.0034,0.0034,0.0034,0.0036,0.0036,0.0037,0.0000,0.0000,0.0000,0.0036,0.0037,0.0035,0.0036,0.0034,0.0036,0.0000,0.0000,0.0000,0.0000,0.0031,0.0033,0.0033,0.0034,0.0035,0.0000,0.0000
[EITKit] Sending Frame Data...
FRAME_DATA,0.0000,0.0000,0.0038,0.0038,0.0036,0.0035,0.0034,0.0000,0.0000,0.0000,0.0000,0.0034,0.0034,0.0033,0.0032,0.0033,0.0036,0.0000,0.0000,0.0000,0.0037,0.0038,0.0036,0.0034,0.0035,0.0037,0.0000,0.0000,0.0000,0.0037,0.0037,0.0036,0.0037,0.0035,0.0036,0.0000,0.0000,0.0000,0.0037,0.0036,0.0033,0.0036,0.0036,0.0038,0.0000,0.0000,0.0000,0.0037,0.0036,0.0033,0.0036,0.0035,0.0038,0.0000,0.0000,0.0000,0.0000,0.0032,0.0033,0.0031,0.0035,0.0035,0.0000,0.0000
[EITKit] Sending Frame Data...
FRAME_DATA,0.0000,0.0000,0.0039,0.0041,0.0039,0.0037,0.0035,0.0000,0.0000,0.0000,0.0000,0.0034,0.0035,0.0035,0.0035,0.0033,0.0035,0.0000,0.0000,0.0000,0.0037,0.0038,0.0036,0.0036,0.0033,0.0036,0.0000,0.0000,0.0000,0.0036,0.0037,0.0037,0.0036,0.0035,0.0037,0.0000,0.0000,0.0000,0.0038,0.0038,0.0035,0.0035,0.0037,0.0038,0.0000,0.0000,0.0000,0.0038,0.0038,0.0034,0.0036,0.0035,0.0039,0.0000,0.0000,0.0000,0.0000,0.0034,0.0035,0.0033,0.0034,0.0036,0.0000,0.0000
[EITKit] Sending Frame Data...
FRAME_DATA,0.0000,0.0000,0.0041,0.0042,0.0041,0.0041,0.0037,0.0000,0.0000,0.0000,0.0000,0.0034,0.0036,0.0037,0.0038,0.0036,0.0034,0.0000,0.0000,0.0000,0.0037,0.0036,0.0037,0.0037,0.0034,0.0036,0.0000,0.0000,0.0000,0.0037,0.0038,0.0037,0.0037,0.0036,0.0037,0.0000,0.0000,0.0000,0.0039,0.0039,0.0037,0.0034,0.0036,0.0037,0.0000,0.0000,0.0000,0.0038,0.0039,0.0036,0.0036,0.0034,0.0040,0.0000,0.0000,0.0000,0.0000,0.0035,0.0035,0.0033,0.0034,0.0035,0.0000,0.0000
[EITKit] Sending Frame Data...
FRAME_DATA,0.0000,0.0000,0.0039,0.0041,0.0041,0.0040,0.0039,0.0000,0.0000,0.0000,0.0000,0.0033,0.0036,0.0038,0.0037,0.0035,0.0035,0.0000,0.0000,0.0000,0.0036,0.0038,0.0040,0.0039,0.0034,0.0036,0.0000,0.0000,0.0000,0.0038,0.0037,0.0038,0.0037,0.0035,0.0037,0.0000,0.0000,0.0000,0.0038,0.0039,0.0038,0.0034,0.0037,0.0036,0.0000,0.0000,0.0000,0.0037,0.0039,0.0036,0.0037,0.0032,0.0039,0.0000,0.0000,0.0000,0.0000,0.0035,0.0036,0.0034,0.0034,0.0035,0.0000,0.0000
[EITKit] Sending Frame Data...
FRAME_DATA,0.0000,0.0000,0.0038,0.0040,0.0042,0.0040,0.0039,0.0000,0.0000,0.0000,0.0000,0.0031,0.0034,0.0036,0.0037,0.0035,0.0036,0.0000,0.0000,0.0000,0.0034,0.0037,0.0039,0.0038,0.0034,0.0036,0.0000,0.0000,0.0000,0.0038,0.0039,0.0040,0.0037,0.0036,0.0037,0.0000,0.0000,0.0000,0.0038,0.0040,0.0039,0.0033,0.0035,0.0035,0.0000,0.0000,0.0000,0.0037,0.0040,0.0036,0.0036,0.0035,0.0038,0.0000,0.0000,0.0000,0.0000,0.0037,0.0037,0.0034,0.0035,0.0034,0.0000,0.0000
[EITKit] Sending Frame Data...
FRAME_DATA,0.0000,0.0000,0.0038,0.0041,0.0043,0.0041,0.0039,0.0000,0.0000,0.0000,0.0000,0.0033,0.0035,0.0036,0.0037,0.0033,0.0038,0.0000,0.0000,0.0000,0.0037,0.0037,0.0040,0.0038,0.0034,0.0035,0.0000,0.0000,0.0000,0.0037,0.0039,0.0039,0.0036,0.0036,0.0037,0.0000,0.0000,0.0000,0.0039,0.0040,0.0036,0.0033,0.0035,0.0038,0.0000,0.0000,0.0000,0.0039,0.0041,0.0036,0.0037,0.0035,0.0039,0.0000,0.0000,0.0000,0.0000,0.0035,0.0035,0.0034,0.0035,0.0036,0.0000,0.0000
[EITKit] Sending Frame Data...
FRAME_DATA,0.0000,0.0000,0.0040,0.0043,0.0042,0.0040,0.0039,0.0000,0.0000,0.0000,0.0000,0.0034,0.0036,0.0036,0.0036,0.0032,0.0037,0.0000,0.0000,0.0000,0.0038,0.0038,0.0041,0.0037,0.0034,0.0036,0.0000,0.0000,0.0000,0.0038,0.0040,0.0037,0.0035,0.0035,0.0038,0.0000,0.0000,0.0000,0.0038,0.0038,0.0036,0.0034,0.0036,0.0037,0.0000,0.0000,0.0000,0.0039,0.0039,0.0035,0.0036,0.0036,0.0040,0.0000,0.0000,0.0000,0.0000,0.0034,0.0034,0.0032,0.0035,0.0037,0.0000,0.0000
[EITKit] Sending Frame Data...
FRAME_DATA,0.0000,0.0000,0.0040,0.0041,0.0042,0.0038,0.0039,0.0000,0.0000,0.0000,0.0000,0.0044,0.0038,0.0037,0.0037,0.0032,0.0039,0.0000,0.0000,0.0000,0.0039,0.0039,0.0041,0.0037,0.0037,0.0037,0.0000,0.0000,0.0000,0.0040,0.0040,0.0038,0.0034,0.0036,0.0039,0.0000,0.0000,0.0000,0.0040,0.0038,0.0036,0.0035,0.0039,0.0040,0.0000,0.0000,0.0000,0.0039,0.0037,0.0035,0.0038,0.0037,0.0039,0.0000,0.0000,0.0000,0.0000,0.0033,0.0033,0.0033,0.0037,0.0038,0.0000,0.0000
[EITKit] Sending Frame Data...
FRAME_DATA,0.0000,0.0000,0.0040,0.0040,0.0041,0.0038,0.0036,0.0000,0.0000,0.0000,0.0000,0.0041,0.0037,0.0033,0.0033,0.0030,0.0041,0.0000,0.0000,0.0000,0.0040,0.0039,0.0039,0.0034,0.0039,0.0040,0.0000,0.0000,0.0000,0.0040,0.0040,0.0038,0.0037,0.0039,0.0040,0.0000,0.0000,0.0000,0.0040,0.0037,0.0039,0.0038,0.0039,0.0039,0.0000,0.0000,0.0000,0.0037,0.0038,0.0036,0.0040,0.0038,0.0039,0.0000,0.0000,0.0000,0.0000,0.0032,0.0035,0.0036,0.0039,0.0038,0.0000,0.0000
[EITKit] Sending Frame Data...
FRAME_DATA,0.0000,0.0000,0.0040,0.0037,0.0037,0.0037,0.0036,0.0000,0.0000,0.0000,0.0000,0.0036,0.0034,0.0032,0.0031,0.0032,0.0039,0.0000,0.0000,0.0000,0.0038,0.0037,0.0037,0.0032,0.0038,0.0038,0.0000,0.0000,0.0000,0.0037,0.0037,0.0036,0.0038,0.0039,0.0039,0.0000,0.0000,0.0000,0.0038,0.0034,0.0041,0.0039,0.0038,0.0038,0.0000,0.0000,0.0000,0.0035,0.0039,0.0038,0.0039,0.0037,0.0034,0.0000,0.0000,0.0000,0.0000,0.0034,0.0039,0.0038,0.0038,0.0037,0.0000,0.0000
[EITKit] Sending Frame Data...
FRAME_DATA,0.0000,0.0000,0.0039,0.0035,0.0038,0.0039,0.0038,0.0000,0.0000,0.0000,0.0000,0.0035,0.0034,0.0032,0.0034,0.0035,0.0037,0.0000,0.0000,0.0000,0.0035,0.0035,0.0037,0.0035,0.0038,0.0036,0.0000,0.0000,0.0000,0.0034,0.0036,0.0035,0.0038,0.0037,0.0037,0.0000,0.0000,0.0000,0.0035,0.0033,0.0040,0.0037,0.0037,0.0036,0.0000,0.0000,0.0000,0.0034,0.0041,0.0038,0.0038,0.0035,0.0035,0.0000,0.0000,0.0000,0.0000,0.0036,0.0039,0.0037,0.0037,0.0035,0.0000,0.0000
[EITKit] Sending Frame Data...
FRAME_DATA,0.0000,0.0000,0.0037,0.0038,0.0039,0.0040,0.0038,0.0000,0.0000,0.0000,0.0000,0.0034,0.0035,0.0035,0.0035,0.0035,0.0035,0.0000,0.0000,0.0000,0.0036,0.0037,0.0039,0.0037,0.0036,0.0035,0.0000,0.0000,0.0000,0.0035,0.0037,0.0037,0.0036,0.0036,0.0038,0.0000,0.0000,0.0000,0.0036,0.0037,0.0038,0.0036,0.0036,0.0036,0.0000,0.0000,0.0000,0.0036,0.0040,0.0034,0.0035,0.0035,0.0035,0.0000,0.0000,0.0000,0.0000,0.0035,0.0037,0.0035,0.0033,0.0034,0.0000,0.0000
[EITKit] Sending Frame Data...
FRAME_DATA,0.0000,0.0000,0.0041,0.0039,0.0041,0.0039,0.0037,0.0000,0.0000,0.0000,0.0000,0.0035,0.0035,0.0034,0.0033,0.0033,0.0039,0.0000,0.0000,0.0000,0.0038,0.0037,0.0037,0.0036,0.0037,0.0039,0.0000,0.0000,0.0000,0.0037,0.0038,0.0037,0.0037,0.0038,0.0041,0.0000,0.0000,0.0000,0.0039,0.0038,0.0038,0.0037,0.0038,0.0038,0.0000,0.0000,0.0000,0.0037,0.0039,0.0035,0.0037,0.0038,0.0039,0.0000,0.0000,0.0000,0.0000,0.0034,0.0037,0.0036,0.0037,0.0037,0.0000,0.0000
[EITKit] Sending Frame Data...
FRAME_DATA,0.0000,0.0000,0.0038,0.0037,0.0040,0.0040,0.0039,0.0000,0.0000,0.0000,0.0000,0.0033,0.0033,0.0035,0.0035,0.0035,0.0037,0.0000,0.0000,0.0000,0.0037,0.0036,0.0038,0.0037,0.0037,0.0035,0.0000,0.0000,0.0000,0.0034,0.0037,0.0037,0.0037,0.0038,0.0038,0.0000,0.0000,0.0000,0.0037,0.0037,0.0040,0.0037,0.0038,0.0036,0.0000,0.0000,0.0000,0.0035,0.0041,0.0037,0.0038,0.0037,0.0036,0.0000,0.0000,0.0000,0.0000,0.0037,0.0038,0.0037,0.0038,0.0033,0.0000,0.0000
[EITKit] Sending Frame Data...
FRAME_DATA,0.0000,0.0000,0.0040,0.0039,0.0040,0.0038,0.0038,0.0000,0.0000,0.0000,0.0000,0.0036,0.0035,0.0034,0.0033,0.0034,0.0040,0.0000,0.0000,0.0000,0.0038,0.0036,0.0038,0.0034,0.0039,0.0037,0.0000,0.0000,0.0000,0.0036,0.0037,0.0036,0.0040,0.0039,0.0040,0.0000,0.0000,0.0000,0.0037,0.0037,0.0040,0.0037,0.0039,0.0038,0.0000,0.0000,0.0000,0.0037,0.0041,0.0038,0.0040,0.0038,0.0037,0.0000,0.0000,0.0000,0.0000,0.0036,0.0038,0.0039,0.0038,0.0038,0.0000,0.0000
[EITKit] Sending Frame Data...
FRAME_DATA,0.0000,0.0000,0.0042,0.0041,0.0041,0.0039,0.0038,0.0000,0.0000,0.0000,0.0000,0.0036,0.0036,0.0035,0.0035,0.0033,0.0039,0.0000,0.0000,0.0000,0.0039,0.0037,0.0039,0.0037,0.0039,0.0039,0.0000,0.0000,0.0000,0.0037,0.0039,0.0036,0.0037,0.0037,0.0039,0.0000,0.0000,0.0000,0.0038,0.0039,0.0037,0.0037,0.0039,0.0038,0.0000,0.0000,0.0000,0.0038,0.0041,0.0035,0.0039,0.0038,0.0038,0.0000,0.0000,0.0000,0.0000,0.0034,0.0036,0.0035,0.0037,0.0036,0.0000,0.0000
[EITKit] Sending Frame Data...
FRAME_DATA,0.0000,0.0000,0.0040,0.0039,0.0040,0.0042,0.0040,0.0000,0.0000,0.0000,0.0000,0.0034,0.0034,0.0036,0.0036,0.0035,0.0037,0.0000,0.0000,0.0000,0.0037,0.0036,0.0038,0.0038,0.0039,0.0037,0.0000,0.0000,0.0000,0.0036,0.0039,0.0038,0.0038,0.0037,0.0037,0.0000,0.0000,0.0000,0.0038,0.0039,0.0040,0.0038,0.0037,0.0036,0.0000,0.0000,0.0000,0.0037,0.0040,0.0036,0.0038,0.0036,0.0036,0.0000,0.0000,0.0000,0.0000,0.0036,0.0038,0.0035,0.0036,0.0037,0.0000,0.0000
[EITKit] Sending Frame Data...
FRAME_DATA,0.0000,0.0000,0.0039,0.0039,0.0040,0.0042,0.0041,0.0000,0.0000,0.0000,0.0000,0.0033,0.0034,0.0035,0.0037,0.0037,0.0036,0.0000,0.0000,0.0000,0.0035,0.0035,0.0037,0.0038,0.0038,0.0037,0.0000,0.0000,0.0000,0.0036,0.0038,0.0035,0.0039,0.0035,0.0037,0.0000,0.0000,0.0000,0.0037,0.0037,0.0041,0.0038,0.0037,0.0036,0.0000,0.0000,0.0000,0.0036,0.0043,0.0038,0.0039,0.0037,0.0038,0.0000,0.0000,0.0000,0.0000,0.0040,0.0040,0.0036,0.0037,0.0035,0.0000,0.0000
[EITKit] Sending Frame Data...
FRAME_DATA,0.0000,0.0000,0.0040,0.0040,0.0042,0.0042,0.0041,0.0000,0.0000,0.0000,0.0000,0.0034,0.0036,0.0037,0.0037,0.0038,0.0036,0.0000,0.0000,0.0000,0.0038,0.0038,0.0039,0.0038,0.0038,0.0037,0.0000,0.0000,0.0000,0.0035,0.0039,0.0038,0.0039,0.0036,0.0038,0.0000,0.0000,0.0000,0.0037,0.0037,0.0039,0.0037,0.0036,0.0037,0.0000,0.0000,0.0000,0.0037,0.0041,0.0038,0.0039,0.0036,0.0038,0.0000,0.0000,0.0000,0.0000,0.0039,0.0039,0.0035,0.0035,0.0036,0.0000,0.0000
[EITKit] Sending Frame Data...
FRAME_DATA,0.0000,0.0000,0.0041,0.0040,0.0042,0.0040,0.0041,0.0000,0.0000,0.0000,0.0000,0.0036,0.0037,0.0037,0.0036,0.0037,0.0039,0.0000,0.0000,0.0000,0.0040,0.0040,0.0041,0.0039,0.0038,0.0039,0.0000,0.0000,0.0000,0.0038,0.0040,0.0038,0.0039,0.0039,0.0040,0.0000,0.0000,0.0000,0.0039,0.0038,0.0037,0.0037,0.0039,0.0039,0.0000,0.0000,0.0000,0.0038,0.0040,0.0038,0.0040,0.0038,0.0040,0.0000,0.0000,0.0000,0.0000,0.0035,0.0035,0.0035,0.0036,0.0037,0.0000,0.0000
[EITKit] Sending Frame Data...
FRAME_DATA,0.0000,0.0000,0.0041,0.0040,0.0040,0.0040,0.0041,0.0000,0.0000,0.0000,0.0000,0.0035,0.0035,0.0035,0.0035,0.0037,0.0040,0.0000,0.0000,0.0000,0.0039,0.0038,0.0039,0.0037,0.0040,0.0040,0.0000,0.0000,0.0000,0.0038,0.0039,0.0037,0.0041,0.0039,0.0041,0.0000,0.0000,0.0000,0.0038,0.0038,0.0040,0.0039,0.0039,0.0038,0.0000,0.0000,0.0000,0.0037,0.0041,0.0038,0.0039,0.0037,0.0039,0.0000,0.0000,0.0000,0.0000,0.0037,0.0039,0.0038,0.0038,0.0039,0.0000,0.0000
[EITKit] Sending Frame Data...
FRAME_DATA,0.0000,0.0000,0.0041,0.0039,0.0040,0.0040,0.0041,0.0000,0.0000,0.0000,0.0000,0.0033,0.0034,0.0036,0.0036,0.0037,0.0039,0.0000,0.0000,0.0000,0.0037,0.0039,0.0039,0.0037,0.0039,0.0036,0.0000,0.0000,0.0000,0.0037,0.0038,0.0038,0.0040,0.0037,0.0039,0.0000,0.0000,0.0000,0.0038,0.0040,0.0040,0.0039,0.0038,0.0038,0.0000,0.0000,0.0000,0.0037,0.0042,0.0039,0.0040,0.0037,0.0039,0.0000,0.0000,0.0000,0.0000,0.0038,0.0039,0.0036,0.0037,0.0037,0.0000,0.0000
[EITKit] Sending Frame Data...
FRAME_DATA,0.0000,0.0000,0.0042,0.0041,0.0040,0.0041,0.0037,0.0000,0.0000,0.0000,0.0000,0.0035,0.0037,0.0037,0.0036,0.0034,0.0040,0.0000,0.0000,0.0000,0.0038,0.0039,0.0040,0.0037,0.0039,0.0038,0.0000,0.0000,0.0000,0.0040,0.0038,0.0038,0.0038,0.0037,0.0040,0.0000,0.0000,0.0000,0.0039,0.0038,0.0038,0.0038,0.0038,0.0040,0.0000,0.0000,0.0000,0.0039,0.0040,0.0038,0.0040,0.0037,0.0040,0.0000,0.0000,0.0000,0.0000,0.0037,0.0038,0.0036,0.0038,0.0040,0.0000,0.0000
[EITKit] Sending Frame Data...
FRAME_DATA,0.0000,0.0000,0.0043,0.0041,0.0038,0.0040,0.0036,0.0000,0.0000,0.0000,0.0000,0.0036,0.0036,0.0036,0.0033,0.0032,0.0042,0.0000,0.0000,0.0000,0.0040,0.0039,0.0039,0.0037,0.0040,0.0038,0.0000,0.0000,0.0000,0.0038,0.0039,0.0036,0.0039,0.0040,0.0041,0.0000,0.0000,0.0000,0.0037,0.0037,0.0039,0.0039,0.0039,0.0040,0.0000,0.0000,0.0000,0.0039,0.0040,0.0038,0.0041,0.0039,0.0039,0.0000,0.0000,0.0000,0.0000,0.0035,0.0036,0.0037,0.0040,0.0041,0.0000,0.0000
[EITKit] Sending Frame Data...
FRAME_DATA,0.0000,0.0000,0.0043,0.0040,0.0039,0.0038,0.0034,0.0000,0.0000,0.0000,0.0000,0.0038,0.0037,0.0036,0.0033,0.0031,0.0039,0.0000,0.0000,0.0000,0.0039,0.0038,0.0038,0.0035,0.0039,0.0040,0.0000,0.0000,0.0000,0.0039,0.0038,0.0037,0.0040,0.0041,0.0043,0.0000,0.0000,0.0000,0.0039,0.0037,0.0038,0.0040,0.0039,0.0040,0.0000,0.0000,0.0000,0.0037,0.0037,0.0036,0.0040,0.0039,0.0039,0.0000,0.0000,0.0000,0.0000,0.0034,0.0037,0.0038,0.0041,0.0041,0.0000,0.0000
[EITKit] Sending Frame Data...
FRAME_DATA,0.0000,0.0000,0.0042,0.0040,0.0039,0.0037,0.0034,0.0000,0.0000,0.0000,0.0000,0.0037,0.0037,0.0035,0.0034,0.0032,0.0040,0.0000,0.0000,0.0000,0.0041,0.0038,0.0038,0.0035,0.0039,0.0038,0.0000,0.0000,0.0000,0.0039,0.0038,0.0036,0.0038,0.0040,0.0042,0.0000,0.0000,0.0000,0.0038,0.0038,0.0038,0.0040,0.0040,0.0040,0.0000,0.0000,0.0000,0.0036,0.0037,0.0038,0.0040,0.0040,0.0039,0.0000,0.0000,0.0000,0.0000,0.0032,0.0035,0.0037,0.0040,0.0039,0.0000,0.0000
[EITKit] Sending Frame Data...
FRAME_DATA,0.0000,0.0000,0.0041,0.0041,0.0041,0.0038,0.0034,0.0000,0.0000,0.0000,0.0000,0.0038,0.0037,0.0035,0.0034,0.0031,0.0042,0.0000,0.0000,0.0000,0.0040,0.0039,0.0038,0.0036,0.0040,0.0039,0.0000,0.0000,0.0000,0.0040,0.0039,0.0036,0.0040,0.0041,0.0042,0.0000,0.0000,0.0000,0.0038,0.0037,0.0038,0.0038,0.0039,0.0041,0.0000,0.0000,0.0000,0.0038,0.0037,0.0036,0.0041,0.0040,0.0041,0.0000,0.0000,0.0000,0.0000,0.0032,0.0036,0.0037,0.0040,0.0040,0.0000,0.0000
[EITKit] Sending Frame Data...
FRAME_DATA,0.0000,0.0000,0.0041,0.0039,0.0039,0.0036,0.0035,0.0000,0.0000,0.0000,0.0000,0.0036,0.0037,0.0034,0.0032,0.0031,0.0042,0.0000,0.0000,0.0000,0.0041,0.0038,0.0035,0.0034,0.0041,0.0040,0.0000,0.0000,0.0000,0.0038,0.0038,0.0034,0.0042,0.0041,0.0041,0.0000,0.0000,0.0000,0.0038,0.0037,0.0039,0.0039,0.0041,0.0038,0.0000,0.0000,0.0000,0.0038,0.0038,0.0038,0.0040,0.0038,0.0039,0.0000,0.0000,0.0000,0.0000,0.0034,0.0038,0.0037,0.0041,0.0039,0.0000,0.0000
[EITKit] Sending Frame Data...
FRAME_DATA,0.0000,0.0000,0.0040,0.0039,0.0039,0.0038,0.0039,0.0000,0.0000,0.0000,0.0000,0.0033,0.0033,0.0033,0.0034,0.0035,0.0039,0.0000,0.0000,0.0000,0.0036,0.0039,0.0035,0.0037,0.0039,0.0038,0.0000,0.0000,0.0000,0.0037,0.0038,0.0038,0.0042,0.0040,0.0039,0.0000,0.0000,0.0000,0.0038,0.0037,0.0040,0.0039,0.0038,0.0035,0.0000,0.0000,0.0000,0.0036,0.0040,0.0038,0.0038,0.0035,0.0038,0.0000,0.0000,0.0000,0.0000,0.0036,0.0038,0.0039,0.0038,0.0037,0.0000,0.0000
[EITKit] Sending Frame Data...
FRAME_DATA,0.0000,0.0000,0.0043,0.0039,0.0041,0.0038,0.0038,0.0000,0.0000,0.0000,0.0000,0.0034,0.0036,0.0036,0.0034,0.0033,0.0040,0.0000,0.0000,0.0000,0.0039,0.0040,0.0036,0.0037,0.0039,0.0039,0.0000,0.0000,0.0000,0.0038,0.0038,0.0038,0.0041,0.0040,0.0041,0.0000,0.0000,0.0000,0.0040,0.0038,0.0039,0.0040,0.0041,0.0038,0.0000,0.0000,0.0000,0.0038,0.0041,0.0039,0.0041,0.0039,0.0041,0.0000,0.0000,0.0000,0.0000,0.0034,0.0037,0.0038,0.0038,0.0038,0.0000,0.0000
[EITKit] Sending Frame Data...
FRAME_DATA,0.0000,0.0000,0.0042,0.0038,0.0040,0.0042,0.0041,0.0000,0.0000,0.0000,0.0000,0.0034,0.0036,0.0036,0.0036,0.0036,0.0036,0.0000,0.0000,0.0000,0.0037,0.0038,0.0037,0.0038,0.0039,0.0037,0.0000,0.0000,0.0000,0.0036,0.0037,0.0039,0.0041,0.0040,0.0039,0.0000,0.0000,0.0000,0.0039,0.0038,0.0039,0.0040,0.0039,0.0036,0.0000,0.0000,0.0000,0.0038,0.0041,0.0039,0.0041,0.0038,0.0039,0.0000,0.0000,0.0000,0.0000,0.0036,0.0039,0.0037,0.0037,0.0036,0.0000,0.0000
[EITKit] Sending Frame Data...
FRAME_DATA,0.0000,0.0000,0.0042,0.0039,0.0040,0.0040,0.0039,0.0000,0.0000,0.0000,0.0000,0.0037,0.0038,0.0037,0.0035,0.0035,0.0039,0.0000,0.0000,0.0000,0.0039,0.0039,0.0038,0.0037,0.0042,0.0039,0.0000,0.0000,0.0000,0.0038,0.0038,0.0038,0.0042,0.0041,0.0042,0.0000,0.0000,0.0000,0.0039,0.0039,0.0038,0.0040,0.0040,0.0039,0.0000,0.0000,0.0000,0.0039,0.0039,0.0039,0.0040,0.0040,0.0041,0.0000,0.0000,0.0000,0.0000,0.0033,0.0037,0.0038,0.0038,0.0036,0.0000,0.0000
[EITKit] Sending Frame Data...
FRAME_DATA,0.0000,0.0000,0.0040,0.0040,0.0041,0.0041,0.0041,0.0000,0.0000,0.0000,0.0000,0.0033,0.0034,0.0035,0.0038,0.0035,0.0039,0.0000,0.0000,0.0000,0.0037,0.0038,0.0038,0.0039,0.0041,0.0038,0.0000,0.0000,0.0000,0.0037,0.0039,0.0039,0.0041,0.0040,0.0041,0.0000,0.0000,0.0000,0.0039,0.0039,0.0040,0.0040,0.0040,0.0038,0.0000,0.0000,0.0000,0.0039,0.0042,0.0040,0.0041,0.0038,0.0039,0.0000,0.0000,0.0000,0.0000,0.0036,0.0039,0.0037,0.0037,0.0034,0.0000,0.0000
[EITKit] Sending Frame Data...
FRAME_DATA,0.0000,0.0000,0.0041,0.0040,0.0040,0.0038,0.0037,0.0000,0.0000,0.0000,0.0000,0.0034,0.0035,0.0035,0.0036,0.0035,0.0041,0.0000,0.0000,0.0000,0.0039,0.0039,0.0037,0.0036,0.0042,0.0039,0.0000,0.0000,0.0000,0.0036,0.0038,0.0038,0.0042,0.0040,0.0041,0.0000,0.0000,0.0000,0.0038,0.0038,0.0041,0.0041,0.0041,0.0039,0.0000,0.0000,0.0000,0.0039,0.0043,0.0041,0.0041,0.0041,0.0040,0.0000,0.0000,0.0000,0.0000,0.0035,0.0040,0.0040,0.0038,0.0037,0.0000,0.0000
[EITKit] Sending Frame Data...
FRAME_DATA,0.0000,0.0000,0.0042,0.0041,0.0043,0.0040,0.0039,0.0000,0.0000,0.0000,0.0000,0.0035,0.0038,0.0037,0.0037,0.0035,0.0041,0.0000,0.0000,0.0000,0.0040,0.0040,0.0038,0.0038,0.0039,0.0039,0.0000,0.0000,0.0000,0.0038,0.0040,0.0040,0.0040,0.0038,0.0040,0.0000,0.0000,0.0000,0.0039,0.0039,0.0039,0.0039,0.0041,0.0040,0.0000,0.0000,0.0000,0.0040,0.0042,0.0038,0.0040,0.0040,0.0041,0.0000,0.0000,0.0000,0.0000,0.0036,0.0039,0.0038,0.0039,0.0039,0.0000,0.0000
[EITKit] Sending Frame Data...
FRAME_DATA,0.0000,0.0000,0.0040,0.0040,0.0043,0.0040,0.0042,0.0000,0.0000,0.0000,0.0000,0.0035,0.0035,0.0037,0.0037,0.0036,0.0040,0.0000,0.0000,0.0000,0.0038,0.0040,0.0039,0.0038,0.0041,0.0039,0.0000,0.0000,0.0000,0.0038,0.0039,0.0039,0.0040,0.0039,0.0039,0.0000,0.0000,0.0000,0.0037,0.0038,0.0041,0.0039,0.0040,0.0038,0.0000,0.0000,0.0000,0.0038,0.0043,0.0038,0.0039,0.0037,0.0039,0.0000,0.0000,0.0000,0.0000,0.0040,0.0040,0.0039,0.0036,0.0037,0.0000,0.0000
[EITKit] Sending Frame Data...
FRAME_DATA,0.0000,0.0000,0.0042,0.0041,0.0043,0.0040,0.0041,0.0000,0.0000,0.0000,0.0000,0.0037,0.0037,0.0036,0.0038,0.0035,0.0041,0.0000,0.0000,0.0000,0.0040,0.0040,0.0038,0.0037,0.0041,0.0041,0.0000,0.0000,0.0000,0.0040,0.0040,0.0039,0.0042,0.0041,0.0041,0.0000,0.0000,0.0000,0.0040,0.0039,0.0041,0.0039,0.0041,0.0040,0.0000,0.0000,0.0000,0.0038,0.0042,0.0038,0.0042,0.0040,0.0040,0.0000,0.0000,0.0000,0.0000,0.0037,0.0039,0.0039,0.0038,0.0038,0.0000,0.0000
[EITKit] Sending Frame Data...
FRAME_DATA,0.0000,0.0000,0.0040,0.0039,0.0041,0.0042,0.0042,0.0000,0.0000,0.0000,0.0000,0.0034,0.0037,0.0036,0.0038,0.0036,0.0039,0.0000,0.0000,0.0000,0.0038,0.0037,0.0039,0.0036,0.0039,0.0039,0.0000,0.0000,0.0000,0.0037,0.0038,0.0040,0.0043,0.0040,0.0039,0.0000,0.0000,0.0000,0.0037,0.0039,0.0040,0.0038,0.0039,0.0038,0.0000,0.0000,0.0000,0.0040,0.0042,0.0040,0.0040,0.0039,0.0039,0.0000,0.0000,0.0000,0.0000,0.0038,0.0040,0.0038,0.0035,0.0036,0.0000,0.0000
[EITKit] Sending Frame Data...
FRAME_DATA,0.0000,0.0000,0.0044,0.0041,0.0042,0.0043,0.0040,0.0000,0.0000,0.0000,0.0000,0.0035,0.0038,0.0037,0.0038,0.0035,0.0040,0.0000,0.0000,0.0000,0.0041,0.0039,0.0038,0.0035,0.0041,0.0041,0.0000,0.0000,0.0000,0.0039,0.0039,0.0039,0.0042,0.0039,0.0040,0.0000,0.0000,0.0000,0.0038,0.0038,0.0041,0.0039,0.0042,0.0039,0.0000,0.0000,0.0000,0.0039,0.0041,0.0039,0.0042,0.0043,0.0040,0.0000,0.0000,0.0000,0.0000,0.0037,0.0040,0.0039,0.0039,0.0038,0.0000,0.0000
[EITKit] Sending Frame Data...
FRAME_DATA,0.0000,0.0000,0.0044,0.0041,0.0042,0.0043,0.0041,0.0000,0.0000,0.0000,0.0000,0.0036,0.0039,0.0039,0.0038,0.0035,0.0038,0.0000,0.0000,0.0000,0.0041,0.0042,0.0039,0.0038,0.0040,0.0039,0.0000,0.0000,0.0000,0.0040,0.0042,0.0039,0.0039,0.0038,0.0040,0.0000,0.0000,0.0000,0.0040,0.0040,0.0040,0.0040,0.0041,0.0040,0.0000,0.0000,0.0000,0.0040,0.0041,0.0038,0.0040,0.0039,0.0041,0.0000,0.0000,0.0000,0.0000,0.0036,0.0038,0.0037,0.0037,0.0039,0.0000,0.0000
[EITKit] Sending Frame Data...
FRAME_DATA,0.0000,0.0000,0.0041,0.0041,0.0043,0.0043,0.0041,0.0000,0.0000,0.0000,0.0000,0.0034,0.0036,0.0038,0.0039,0.0038,0.0037,0.0000,0.0000,0.0000,0.0038,0.0040,0.0039,0.0041,0.0040,0.0039,0.0000,0.0000,0.0000,0.0038,0.0040,0.0039,0.0040,0.0038,0.0040,0.0000,0.0000,0.0000,0.0040,0.0039,0.0043,0.0039,0.0038,0.0037,0.0000,0.0000,0.0000,0.0039,0.0042,0.0039,0.0040,0.0037,0.0039,0.0000,0.0000,0.0000,0.0000,0.0039,0.0038,0.0038,0.0038,0.0036,0.0000,0.0000
[EITKit] Sending Frame Data...
FRAME_DATA,0.0000,0.0000,0.0041,0.0040,0.0040,0.0042,0.0040,0.0000,0.0000,0.0000,0.0000,0.0034,0.0036,0.0036,0.0037,0.0037,0.0040,0.0000,0.0000,0.0000,0.0039,0.0037,0.0037,0.0038,0.0040,0.0040,0.0000,0.0000,0.0000,0.0038,0.0039,0.0036,0.0040,0.0040,0.0042,0.0000,0.0000,0.0000,0.0040,0.0039,0.0044,0.0041,0.0041,0.0040,0.0000,0.0000,0.0000,0.0040,0.0044,0.0041,0.0041,0.0038,0.0039,0.0000,0.0000,0.0000,0.0000,0.0040,0.0039,0.0038,0.0039,0.0038,0.0000,0.0000
[EITKit] Sending Frame Data...
FRAME_DATA,0.0000,0.0000,0.0043,0.0040,0.0042,0.0040,0.0041,0.0000,0.0000,0.0000,0.0000,0.0035,0.0038,0.0036,0.0036,0.0035,0.0040,0.0000,0.0000,0.0000,0.0038,0.0037,0.0037,0.0036,0.0042,0.0040,0.0000,0.0000,0.0000,0.0039,0.0039,0.0036,0.0040,0.0039,0.0042,0.0000,0.0000,0.0000,0.0038,0.0038,0.0044,0.0043,0.0042,0.0040,0.0000,0.0000,0.0000,0.0038,0.0045,0.0041,0.0042,0.0040,0.0040,0.0000,0.0000,0.0000,0.0000,0.0040,0.0041,0.0040,0.0040,0.0039,0.0000,0.0000
[EITKit] Sending Frame Data...
FRAME_DATA,0.0000,0.0000,0.0042,0.0040,0.0040,0.0040,0.0039,0.0000,0.0000,0.0000,0.0000,0.0036,0.0037,0.0034,0.0035,0.0033,0.0042,0.0000,0.0000,0.0000,0.0039,0.0038,0.0039,0.0036,0.0042,0.0041,0.0000,0.0000,0.0000,0.0040,0.0038,0.0036,0.0040,0.0040,0.0042,0.0000,0.0000,0.0000,0.0037,0.0038,0.0043,0.0043,0.0042,0.0040,0.0000,0.0000,0.0000,0.0038,0.0043,0.0042,0.0041,0.0039,0.0041,0.0000,0.0000,0.0000,0.0000,0.0039,0.0042,0.0041,0.0042,0.0041,0.0000,0.0000
[EITKit] Sending Frame Data...
FRAME_DATA,0.0000,0.0000,0.0045,0.0041,0.0041,0.0039,0.0038,0.0000,0.0000,0.0000,0.0000,0.0038,0.0038,0.0034,0.0034,0.0034,0.0042,0.0000,0.0000,0.0000,0.0040,0.0039,0.0038,0.0037,0.0042,0.0041,0.0000,0.0000,0.0000,0.0040,0.0040,0.0038,0.0042,0.0041,0.0043,0.0000,0.0000,0.0000,0.0040,0.0039,0.0042,0.0043,0.0043,0.0040,0.0000,0.0000,0.0000,0.0040,0.0042,0.0040,0.0041,0.0041,0.0042,0.0000,0.0000,0.0000,0.0000,0.0037,0.0041,0.0040,0.0042,0.0040,0.0000,0.0000
[EITKit] Sending Frame Data...
FRAME_DATA,0.0000,0.0000,0.0043,0.0040,0.0040,0.0038,0.0038,0.0000,0.0000,0.0000,0.0000,0.0038,0.0038,0.0037,0.0036,0.0033,0.0042,0.0000,0.0000,0.0000,0.0041,0.0041,0.0038,0.0037,0.0040,0.0040,0.0000,0.0000,0.0000,0.0041,0.0040,0.0039,0.0041,0.0041,0.0043,0.0000,0.0000,0.0000,0.0042,0.0041,0.0041,0.0042,0.0043,0.0040,0.0000,0.0000,0.0000,0.0042,0.0041,0.0038,0.0041,0.0041,0.0042,0.0000,0.0000,0.0000,0.0000,0.0037,0.0039,0.0040,0.0043,0.0041,0.0000,0.0000
[EITKit] Sending Frame Data...
FRAME_DATA,0.0000,0.0000,0.0042,0.0042,0.0043,0.0040,0.0040,0.0000,0.0000,0.0000,0.0000,0.0037,0.0040,0.0039,0.0039,0.0035,0.0041,0.0000,0.0000,0.0000,0.0042,0.0043,0.0040,0.0038,0.0041,0.0040,0.0000,0.0000,0.0000,0.0041,0.0042,0.0039,0.0040,0.0040,0.0043,0.0000,0.0000,0.0000,0.0041,0.0041,0.0041,0.0040,0.0042,0.0041,0.0000,0.0000,0.0000,0.0042,0.0042,0.0037,0.0040,0.0042,0.0042,0.0000,0.0000,0.0000,0.0000,0.0036,0.0037,0.0038,0.0040,0.0040,0.0000,0.0000
[EITKit] Sending Frame Data...
FRAME_DATA,0.0000,0.0000,0.0042,0.0042,0.0043,0.0042,0.0041,0.0000,0.0000,0.0000,0.0000,0.0037,0.0039,0.0039,0.0040,0.0036,0.0039,0.0000,0.0000,0.0000,0.0040,0.0041,0.0041,0.0038,0.0040,0.0038,0.0000,0.0000,0.0000,0.0039,0.0042,0.0041,0.0041,0.0039,0.0043,0.0000,0.0000,0.0000,0.0042,0.0041,0.0040,0.0037,0.0039,0.0041,0.0000,0.0000,0.0000,0.0040,0.0042,0.0036,0.0039,0.0040,0.0041,0.0000,0.0000,0.0000,0.0000,0.0035,0.0037,0.0036,0.0038,0.0038,0.0000,0.0000
[EITKit] Sending Frame Data...
FRAME_DATA,0.0000,0.0000,0.0041,0.0041,0.0043,0.0042,0.0042,0.0000,0.0000,0.0000,0.0000,0.0035,0.0038,0.0039,0.0039,0.0037,0.0038,0.0000,0.0000,0.0000,0.0040,0.0040,0.0043,0.0040,0.0040,0.0037,0.0000,0.0000,0.0000,0.0039,0.0044,0.0042,0.0040,0.0040,0.0042,0.0000,0.0000,0.0000,0.0041,0.0041,0.0041,0.0038,0.0039,0.0041,0.0000,0.0000,0.0000,0.0041,0.0043,0.0036,0.0038,0.0039,0.0042,0.0000,0.0000,0.0000,0.0000,0.0035,0.0035,0.0035,0.0036,0.0037,0.0000,0.0000
[EITKit] Sending Frame Data...
FRAME_DATA,0.0000,0.0000,0.0042,0.0041,0.0043,0.0044,0.0041,0.0000,0.0000,0.0000,0.0000,0.0035,0.0038,0.0040,0.0041,0.0039,0.0038,0.0000,0.0000,0.0000,0.0040,0.0040,0.0042,0.0040,0.0039,0.0036,0.0000,0.0000,0.0000,0.0039,0.0041,0.0041,0.0040,0.0040,0.0041,0.0000,0.0000,0.0000,0.0041,0.0043,0.0042,0.0037,0.0040,0.0041,0.0000,0.0000,0.0000,0.0042,0.0043,0.0038,0.0039,0.0038,0.0042,0.0000,0.0000,0.0000,0.0000,0.0037,0.0038,0.0035,0.0037,0.0038,0.0000,0.0000
[EITKit] Sending Frame Data...
FRAME_DATA,0.0000,0.0000,0.0043,0.0043,0.0044,0.0044,0.0041,0.0000,0.0000,0.0000,0.0000,0.0038,0.0040,0.0042,0.0041,0.0040,0.0040,0.0000,0.0000,0.0000,0.0040,0.0041,0.0042,0.0040,0.0040,0.0039,0.0000,0.0000,0.0000,0.0041,0.0043,0.0040,0.0039,0.0041,0.0042,0.0000,0.0000,0.0000,0.0041,0.0043,0.0041,0.0039,0.0039,0.0042,0.0000,0.0000,0.0000,0.0043,0.0044,0.0037,0.0041,0.0041,0.0043,0.0000,0.0000,0.0000,0.0000,0.0036,0.0039,0.0037,0.0039,0.0040,0.0000,0.0000
[EITKit] Sending Frame Data...
FRAME_DATA,0.0000,0.0000,0.0043,0.0045,0.0044,0.0043,0.0041,0.0000,0.0000,0.0000,0.0000,0.0039,0.0041,0.0041,0.0042,0.0038,0.0041,0.0000,0.0000,0.0000,0.0042,0.0042,0.0043,0.0042,0.0040,0.0039,0.0000,0.0000,0.0000,0.0042,0.0042,0.0041,0.0039,0.0041,0.0042,0.0000,0.0000,0.0000,0.0041,0.0042,0.0041,0.0039,0.0041,0.0041,0.0000,0.0000,0.0000,0.0042,0.0043,0.0037,0.0040,0.0041,0.0043,0.0000,0.0000,0.0000,0.0000,0.0035,0.0037,0.0037,0.0041,0.0040,0.0000,0.0000
[EITKit] Sending Frame Data...
FRAME_DATA,0.0000,0.0000,0.0044,0.0046,0.0044,0.0044,0.0040,0.0000,0.0000,0.0000,0.0000,0.0038,0.0040,0.0041,0.0042,0.0037,0.0043,0.0000,0.0000,0.0000,0.0042,0.0042,0.0042,0.0040,0.0040,0.0041,0.0000,0.0000,0.0000,0.0043,0.0043,0.0042,0.0041,0.0042,0.0042,0.0000,0.0000,0.0000,0.0043,0.0042,0.0042,0.0038,0.0042,0.0042,0.0000,0.0000,0.0000,0.0042,0.0042,0.0039,0.0040,0.0041,0.0044,0.0000,0.0000,0.0000,0.0000,0.0035,0.0036,0.0036,0.0040,0.0042,0.0000,0.0000
[EITKit] Sending Frame Data...
FRAME_DATA,0.0000,0.0000,0.0044,0.0047,0.0044,0.0042,0.0041,0.0000,0.0000,0.0000,0.0000,0.0039,0.0041,0.0040,0.0041,0.0037,0.0042,0.0000,0.0000,0.0000,0.0043,0.0042,0.0044,0.0038,0.0041,0.0042,0.0000,0.0000,0.0000,0.0043,0.0042,0.0040,0.0041,0.0042,0.0045,0.0000,0.0000,0.0000,0.0042,0.0043,0.0042,0.0041,0.0043,0.0043,0.0000,0.0000,0.0000,0.0042,0.0041,0.0040,0.0042,0.0042,0.0043,0.0000,0.0000,0.0000,0.0000,0.0035,0.0037,0.0037,0.0040,0.0042,0.0000,0.0000
[EITKit] Sending Frame Data...
FRAME_DATA,0.0000,0.0000,0.0045,0.0046,0.0044,0.0042,0.0041,0.0000,0.0000,0.0000,0.0000,0.0040,0.0042,0.0040,0.0041,0.0038,0.0044,0.0000,0.0000,0.0000,0.0044,0.0044,0.0042,0.0039,0.0042,0.0042,0.0000,0.0000,0.0000,0.0044,0.0042,0.0041,0.0042,0.0043,0.0044,0.0000,0.0000,0.0000,0.0042,0.0042,0.0042,0.0042,0.0043,0.0043,0.0000,0.0000,0.0000,0.0043,0.0042,0.0041,0.0043,0.0044,0.0043,0.0000,0.0000,0.0000,0.0000,0.0037,0.0038,0.0039,0.0042,0.0043,0.0000,0.0000
[EITKit] Sending Frame Data...
FRAME_DATA,0.0000,0.0000,0.0047,0.0046,0.0044,0.0043,0.0042,0.0000,0.0000,0.0000,0.0000,0.0041,0.0041,0.0040,0.0040,0.0037,0.0045,0.0000,0.0000,0.0000,0.0043,0.0043,0.0042,0.0040,0.0042,0.0043,0.0000,0.0000,0.0000,0.0043,0.0042,0.0041,0.0041,0.0043,0.0045,0.0000,0.0000,0.0000,0.0044,0.0043,0.0042,0.0041,0.0043,0.0042,0.0000,0.0000,0.0000,0.0041,0.0041,0.0039,0.0043,0.0045,0.0043,0.0000,0.0000,0.0000,0.0000,0.0037,0.0038,0.0041,0.0043,0.0044,0.0000,0.0000
[EITKit] Sending Frame Data...
FRAME_DATA,0.0000,0.0000,0.0046,0.0046,0.0045,0.0044,0.0042,0.0000,0.0000,0.0000,0.0000,0.0039,0.0042,0.0040,0.0040,0.0035,0.0045,0.0000,0.0000,0.0000,0.0043,0.0044,0.0042,0.0038,0.0044,0.0044,0.0000,0.0000,0.0000,0.0043,0.0042,0.0043,0.0042,0.0044,0.0045,0.0000,0.0000,0.0000,0.0043,0.0042,0.0043,0.0043,0.0044,0.0041,0.0000,0.0000,0.0000,0.0041,0.0042,0.0041,0.0043,0.0045,0.0044,0.0000,0.0000,0.0000,0.0000,0.0037,0.0039,0.0040,0.0044,0.0043,0.0000,0.0000
[EITKit] Sending Frame Data...
FRAME_DATA,0.0000,0.0000,0.0045,0.0045,0.0045,0.0044,0.0039,0.0000,0.0000,0.0000,0.0000,0.0041,0.0042,0.0040,0.0040,0.0037,0.0045,0.0000,0.0000,0.0000,0.0043,0.0042,0.0042,0.0038,0.0044,0.0044,0.0000,0.0000,0.0000,0.0045,0.0042,0.0041,0.0044,0.0044,0.0046,0.0000,0.0000,0.0000,0.0043,0.0043,0.0043,0.0043,0.0045,0.0042,0.0000,0.0000,0.0000,0.0041,0.0041,0.0042,0.0045,0.0044,0.0044,0.0000,0.0000,0.0000,0.0000,0.0038,0.0040,0.0040,0.0043,0.0043,0.0000,0.0000
[EITKit] Sending Frame Data...
FRAME_DATA,0.0000,0.0000,0.0045,0.0044,0.0043,0.0042,0.0043,0.0000,0.0000,0.0000,0.0000,0.0040,0.0040,0.0039,0.0036,0.0038,0.0045,0.0000,0.0000,0.0000,0.0043,0.0041,0.0041,0.0038,0.0045,0.0042,0.0000,0.0000,0.0000,0.0042,0.0039,0.0037,0.0044,0.0044,0.0043,0.0000,0.0000,0.0000,0.0040,0.0041,0.0043,0.0042,0.0044,0.0043,0.0000,0.0000,0.0000,0.0040,0.0043,0.0043,0.0043,0.0043,0.0044,0.0000,0.0000,0.0000,0.0000,0.0042,0.0042,0.0041,0.0044,0.0043,0.0000,0.0000
[EITKit] Sending Frame Data...
FRAME_DATA,0.0000,0.0000,0.0043,0.0043,0.0044,0.0044,0.0044,0.0000,0.0000,0.0000,0.0000,0.0040,0.0040,0.0041,0.0040,0.0042,0.0043,0.0000,0.0000,0.0000,0.0040,0.0041,0.0043,0.0041,0.0044,0.0041,0.0000,0.0000,0.0000,0.0041,0.0041,0.0039,0.0044,0.0042,0.0042,0.0000,0.0000,0.0000,0.0041,0.0042,0.0045,0.0039,0.0041,0.0041,0.0000,0.0000,0.0000,0.0040,0.0043,0.0041,0.0041,0.0038,0.0043,0.0000,0.0000,0.0000,0.0000,0.0041,0.0041,0.0039,0.0042,0.0041,0.0000,0.0000
[EITKit] Sending Frame Data...
FRAME_DATA,0.0000,0.0000,0.0044,0.0044,0.0044,0.0043,0.0043,0.0000,0.0000,0.0000,0.0000,0.0039,0.0041,0.0040,0.0039,0.0039,0.0044,0.0000,0.0000,0.0000,0.0042,0.0042,0.0044,0.0040,0.0045,0.0043,0.0000,0.0000,0.0000,0.0042,0.0042,0.0041,0.0042,0.0043,0.0043,0.0000,0.0000,0.0000,0.0043,0.0043,0.0043,0.0040,0.0042,0.0043,0.0000,0.0000,0.0000,0.0041,0.0042,0.0042,0.0042,0.0041,0.0044,0.0000,0.0000,0.0000,0.0000,0.0039,0.0040,0.0038,0.0043,0.0041,0.0000,0.0000
[EITKit] Sending Frame Data...
FRAME_DATA,0.0000,0.0000,0.0045,0.0045,0.0044,0.0043,0.0043,0.0000,0.0000,0.0000,0.0000,0.0040,0.0041,0.0040,0.0040,0.0037,0.0044,0.0000,0.0000,0.0000,0.0041,0.0041,0.0040,0.0039,0.0045,0.0044,0.0000,0.0000,0.0000,0.0042,0.0042,0.0040,0.0043,0.0045,0.0043,0.0000,0.0000,0.0000,0.0045,0.0043,0.0044,0.0042,0.0043,0.0043,0.0000,0.0000,0.0000,0.0040,0.0044,0.0043,0.0044,0.0041,0.0043,0.0000,0.0000,0.0000,0.0000,0.0039,0.0040,0.0040,0.0043,0.0040,0.0000,0.0000
[EITKit] Sending Frame Data...
FRAME_DATA,0.0000,0.0000,0.0045,0.0043,0.0043,0.0045,0.0044,0.0000,0.0000,0.0000,0.0000,0.0038,0.0041,0.0039,0.0040,0.0038,0.0043,0.0000,0.0000,0.0000,0.0041,0.0040,0.0040,0.0040,0.0045,0.0043,0.0000,0.0000,0.0000,0.0041,0.0041,0.0039,0.0043,0.0044,0.0043,0.0000,0.0000,0.0000,0.0041,0.0043,0.0044,0.0044,0.0045,0.0043,0.0000,0.0000,0.0000,0.0042,0.0046,0.0043,0.0045,0.0042,0.0042,0.0000,0.0000,0.0000,0.0000,0.0043,0.0043,0.0042,0.0044,0.0039,0.0000,0.0000
[EITKit] Sending Frame Data...
FRAME_DATA,0.0000,0.0000,0.0044,0.0044,0.0045,0.0046,0.0044,0.0000,0.0000,0.0000,0.0000,0.0039,0.0042,0.0041,0.0042,0.0041,0.0043,0.0000,0.0000,0.0000,0.0043,0.0042,0.0042,0.0042,0.0044,0.0042,0.0000,0.0000,0.0000,0.0043,0.0043,0.0041,0.0044,0.0042,0.0044,0.0000,0.0000,0.0000,0.0042,0.0045,0.0043,0.0042,0.0044,0.0042,0.0000,0.0000,0.0000,0.0042,0.0045,0.0041,0.0045,0.0041,0.0043,0.0000,0.0000,0.0000,0.0000,0.0043,0.0041,0.0041,0.0044,0.0043,0.0000,0.0000
[EITKit] Sending Frame Data...
FRAME_DATA,0.0000,0.0000,0.0043,0.0043,0.0044,0.0043,0.0044,0.0000,0.0000,0.0000,0.0000,0.0039,0.0041,0.0040,0.0039,0.0038,0.0043,0.0000,0.0000,0.0000,0.0042,0.0043,0.0042,0.0040,0.0046,0.0043,0.0000,0.0000,0.0000,0.0044,0.0044,0.0042,0.0046,0.0045,0.0044,0.0000,0.0000,0.0000,0.0042,0.0043,0.0044,0.0043,0.0045,0.0043,0.0000,0.0000,0.0000,0.0042,0.0045,0.0044,0.0045,0.0042,0.0043,0.0000,0.0000,0.0000,0.0000,0.0042,0.0040,0.0042,0.0043,0.0040,0.0000,0.0000
[EITKit] Sending Frame Data...
FRAME_DATA,0.0000,0.0000,0.0041,0.0042,0.0043,0.0044,0.0045,0.0000,0.0000,0.0000,0.0000,0.0036,0.0039,0.0039,0.0040,0.0038,0.0043,0.0000,0.0000,0.0000,0.0040,0.0041,0.0041,0.0040,0.0044,0.0042,0.0000,0.0000,0.0000,0.0041,0.0042,0.0042,0.0045,0.0044,0.0043,0.0000,0.0000,0.0000,0.0042,0.0042,0.0044,0.0043,0.0043,0.0042,0.0000,0.0000,0.0000,0.0042,0.0045,0.0043,0.0046,0.0041,0.0042,0.0000,0.0000,0.0000,0.0000,0.0042,0.0040,0.0040,0.0041,0.0038,0.0000,0.0000
[EITKit] Sending Frame Data...
FRAME_DATA,0.0000,0.0000,0.0044,0.0045,0.0044,0.0044,0.0045,0.0000,0.0000,0.0000,0.0000,0.0037,0.0041,0.0041,0.0040,0.0039,0.0044,0.0000,0.0000,0.0000,0.0042,0.0042,0.0041,0.0040,0.0043,0.0041,0.0000,0.0000,0.0000,0.0041,0.0042,0.0042,0.0044,0.0043,0.0044,0.0000,0.0000,0.0000,0.0043,0.0043,0.0043,0.0042,0.0044,0.0043,0.0000,0.0000,0.0000,0.0042,0.0045,0.0042,0.0045,0.0043,0.0044,0.0000,0.0000,0.0000,0.0000,0.0040,0.0041,0.0039,0.0042,0.0039,0.0000,0.0000
[EITKit] Sending Frame Data...
FRAME_DATA,0.0000,0.0000,0.0045,0.0044,0.0045,0.0044,0.0043,0.0000,0.0000,0.0000,0.0000,0.0039,0.0042,0.0041,0.0039,0.0038,0.0044,0.0000,0.0000,0.0000,0.0042,0.0043,0.0042,0.0038,0.0046,0.0043,0.0000,0.0000,0.0000,0.0042,0.0041,0.0043,0.0045,0.0043,0.0044,0.0000,0.0000,0.0000,0.0043,0.0044,0.0044,0.0043,0.0043,0.0041,0.0000,0.0000,0.0000,0.0041,0.0044,0.0043,0.0045,0.0043,0.0043,0.0000,0.0000,0.0000,0.0000,0.0040,0.0043,0.0042,0.0043,0.0040,0.0000,0.0000
[EITKit] Sending Frame Data...
FRAME_DATA,0.0000,0.0000,0.0043,0.0042,0.0045,0.0044,0.0045,0.0000,0.0000,0.0000,0.0000,0.0038,0.0042,0.0040,0.0041,0.0039,0.0042,0.0000,0.0000,0.0000,0.0040,0.0043,0.0043,0.0040,0.0043,0.0043,0.0000,0.0000,0.0000,0.0042,0.0043,0.0044,0.0046,0.0043,0.0043,0.0000,0.0000,0.0000,0.0043,0.0043,0.0043,0.0042,0.0042,0.0041,0.0000,0.0000,0.0000,0.0041,0.0044,0.0042,0.0043,0.0043,0.0042,0.0000,0.0000,0.0000,0.0000,0.0039,0.0041,0.0042,0.0041,0.0039,0.0000,0.0000
[EITKit] Sending Frame Data...
FRAME_DATA,0.0000,0.0000,0.0043,0.0044,0.0043,0.0043,0.0042,0.0000,0.0000,0.0000,0.0000,0.0041,0.0043,0.0042,0.0041,0.0039,0.0043,0.0000,0.0000,0.0000,0.0041,0.0042,0.0042,0.0039,0.0043,0.0043,0.0000,0.0000,0.0000,0.0043,0.0043,0.0042,0.0045,0.0044,0.0043,0.0000,0.0000,0.0000,0.0044,0.0043,0.0044,0.0043,0.0044,0.0041,0.0000,0.0000,0.0000,0.0043,0.0044,0.0042,0.0043,0.0043,0.0042,0.0000,0.0000,0.0000,0.0000,0.0040,0.0041,0.0043,0.0043,0.0041,0.0000,0.0000
[EITKit] Sending Frame Data...
FRAME_DATA,0.0000,0.0000,0.0046,0.0044,0.0046,0.0043,0.0043,0.0000,0.0000,0.0000,0.0000,0.0041,0.0043,0.0043,0.0041,0.0041,0.0043,0.0000,0.0000,0.0000,0.0042,0.0043,0.0043,0.0041,0.0043,0.0044,0.0000,0.0000,0.0000,0.0042,0.0044,0.0043,0.0044,0.0044,0.0044,0.0000,0.0000,0.0000,0.0044,0.0042,0.0043,0.0044,0.0045,0.0043,0.0000,0.0000,0.0000,0.0044,0.0043,0.0041,0.0045,0.0044,0.0044,0.0000,0.0000,0.0000,0.0000,0.0039,0.0041,0.0044,0.0043,0.0044,0.0000,0.0000
[EITKit] Sending Frame Data...
FRAME_DATA,0.0000,0.0000,0.0046,0.0046,0.0046,0.0044,0.0043,0.0000,0.0000,0.0000,0.0000,0.0040,0.0043,0.0044,0.0043,0.0042,0.0044,0.0000,0.0000,0.0000,0.0042,0.0044,0.0044,0.0043,0.0043,0.0042,0.0000,0.0000,0.0000,0.0041,0.0043,0.0044,0.0044,0.0044,0.0044,0.0000,0.0000,0.0000,0.0044,0.0043,0.0041,0.0042,0.0043,0.0043,0.0000,0.0000,0.0000,0.0044,0.0042,0.0041,0.0045,0.0043,0.0045,0.0000,0.0000,0.0000,0.0000,0.0040,0.0040,0.0040,0.0042,0.0044,0.0000,0.0000
[EITKit] Sending Frame Data...
FRAME_DATA,0.0000,0.0000,0.0044,0.0044,0.0045,0.0045,0.0045,0.0000,0.0000,0.0000,0.0000,0.0038,0.0042,0.0042,0.0042,0.0042,0.0042,0.0000,0.0000,0.0000,0.0043,0.0043,0.0043,0.0042,0.0044,0.0042,0.0000,0.0000,0.0000,0.0043,0.0043,0.0043,0.0044,0.0043,0.0043,0.0000,0.0000,0.0000,0.0043,0.0043,0.0042,0.0044,0.0042,0.0042,0.0000,0.0000,0.0000,0.0043,0.0045,0.0042,0.0045,0.0042,0.0043,0.0000,0.0000,0.0000,0.0000,0.0040,0.0039,0.0040,0.0040,0.0043,0.0000,0.0000
[EITKit] Sending Frame Data...
FRAME_DATA,0.0000,0.0000,0.0044,0.0046,0.0047,0.0045,0.0045,0.0000,0.0000,0.0000,0.0000,0.0038,0.0041,0.0043,0.0042,0.0040,0.0042,0.0000,0.0000,0.0000,0.0042,0.0042,0.0044,0.0042,0.0042,0.0041,0.0000,0.0000,0.0000,0.0042,0.0044,0.0045,0.0044,0.0042,0.0043,0.0000,0.0000,0.0000,0.0044,0.0043,0.0043,0.0043,0.0043,0.0043,0.0000,0.0000,0.0000,0.0043,0.0044,0.0042,0.0043,0.0043,0.0044,0.0000,0.0000,0.0000,0.0000,0.0039,0.0039,0.0040,0.0040,0.0043,0.0000,0.0000
[EITKit] Sending Frame Data...
FRAME_DATA,0.0000,0.0000,0.0046,0.0047,0.0046,0.0044,0.0045,0.0000,0.0000,0.0000,0.0000,0.0040,0.0042,0.0042,0.0040,0.0039,0.0043,0.0000,0.0000,0.0000,0.0044,0.0043,0.0044,0.0042,0.0044,0.0042,0.0000,0.0000,0.0000,0.0043,0.0044,0.0043,0.0045,0.0041,0.0045,0.0000,0.0000,0.0000,0.0045,0.0044,0.0044,0.0043,0.0044,0.0044,0.0000,0.0000,0.0000,0.0045,0.0045,0.0041,0.0044,0.0044,0.0045,0.0000,0.0000,0.0000,0.0000,0.0039,0.0039,0.0041,0.0042,0.0042,0.0000,0.0000
[EITKit] Sending Frame Data...
FRAME_DATA,0.0000,0.0000,0.0046,0.0046,0.0046,0.0044,0.0046,0.0000,0.0000,0.0000,0.0000,0.0041,0.0042,0.0040,0.0039,0.0042,0.0044,0.0000,0.0000,0.0000,0.0043,0.0043,0.0043,0.0043,0.0044,0.0043,0.0000,0.0000,0.0000,0.0043,0.0044,0.0043,0.0048,0.0042,0.0044,0.0000,0.0000,0.0000,0.0044,0.0045,0.0046,0.0044,0.0044,0.0043,0.0000,0.0000,0.0000,0.0043,0.0047,0.0044,0.0045,0.0042,0.0045,0.0000,0.0000,0.0000,0.0000,0.0041,0.0044,0.0041,0.0043,0.0042,0.0000,0.0000
[EITKit] Sending Frame Data...
FRAME_DATA,0.0000,0.0000,0.0047,0.0048,0.0049,0.0048,0.0049,0.0000,0.0000,0.0000,0.0000,0.0045,0.0047,0.0044,0.0046,0.0047,0.0047,0.0000,0.0000,0.0000,0.0047,0.0048,0.0048,0.0048,0.0048,0.0047,0.0000,0.0000,0.0000,0.0047,0.0048,0.0047,0.0050,0.0047,0.0048,0.0000,0.0000,0.0000,0.0047,0.0049,0.0048,0.0048,0.0047,0.0046,0.0000,0.0000,0.0000,0.0047,0.0050,0.0047,0.0048,0.0046,0.0047,0.0000,0.0000,0.0000,0.0000,0.0044,0.0047,0.0045,0.0047,0.0046,0.0000,0.0000
[EITKit] Sending Frame Data...
FRAME_DATA,0.0000,0.0000,0.0047,0.0049,0.0048,0.0050,0.0049,0.0000,0.0000,0.0000,0.0000,0.0044,0.0045,0.0045,0.0047,0.0047,0.0046,0.0000,0.0000,0.0000,0.0046,0.0046,0.0047,0.0047,0.0047,0.0047,0.0000,0.0000,0.0000,0.0047,0.0047,0.0047,0.0050,0.0047,0.0049,0.0000,0.0000,0.0000,0.0046,0.0049,0.0050,0.0047,0.0046,0.0045,0.0000,0.0000,0.0000,0.0048,0.0050,0.0047,0.0048,0.0047,0.0047,0.0000,0.0000,0.0000,0.0000,0.0046,0.0048,0.0044,0.0047,0.0045,0.0000,0.0000
[EITKit] Sending Frame Data...
FRAME_DATA,0.0000,0.0000,0.0049,0.0049,0.0050,0.0050,0.0048,0.0000,0.0000,0.0000,0.0000,0.0043,0.0045,0.0044,0.0046,0.0045,0.0045,0.0000,0.0000,0.0000,0.0046,0.0046,0.0047,0.0047,0.0047,0.0045,0.0000,0.0000,0.0000,0.0046,0.0048,0.0047,0.0049,0.0044,0.0049,0.0000,0.0000,0.0000,0.0048,0.0048,0.0049,0.0047,0.0046,0.0046,0.0000,0.0000,0.0000,0.0048,0.0049,0.0046,0.0047,0.0048,0.0047,0.0000,0.0000,0.0000,0.0000,0.0045,0.0048,0.0045,0.0047,0.0047,0.0000,0.0000
[EITKit] Sending Frame Data...
FRAME_DATA,0.0000,0.0000,0.0047,0.0048,0.0048,0.0049,0.0049,0.0000,0.0000,0.0000,0.0000,0.0043,0.0043,0.0044,0.0046,0.0045,0.0046,0.0000,0.0000,0.0000,0.0045,0.0045,0.0046,0.0047,0.0046,0.0045,0.0000,0.0000,0.0000,0.0044,0.0047,0.0047,0.0048,0.0045,0.0047,0.0000,0.0000,0.0000,0.0046,0.0047,0.0048,0.0046,0.0044,0.0045,0.0000,0.0000,0.0000,0.0045,0.0049,0.0045,0.0045,0.0045,0.0046,0.0000,0.0000,0.0000,0.0000,0.0045,0.0046,0.0044,0.0044,0.0045,0.0000,0.0000
[EITKit] Sending Frame Data...
FRAME_DATA,0.0000,0.0000,0.0046,0.0044,0.0046,0.0047,0.0046,0.0000,0.0000,0.0000,0.0000,0.0042,0.0040,0.0041,0.0043,0.0044,0.0045,0.0000,0.0000,0.0000,0.0044,0.0044,0.0043,0.0045,0.0046,0.0046,0.0000,0.0000,0.0000,0.0044,0.0045,0.0046,0.0047,0.0044,0.0045,0.0000,0.0000,0.0000,0.0045,0.0045,0.0048,0.0044,0.0043,0.0044,0.0000,0.0000,0.0000,0.0042,0.0049,0.0045,0.0046,0.0044,0.0045,0.0000,0.0000,0.0000,0.0000,0.0044,0.0045,0.0045,0.0044,0.0043,0.0000,0.0000
[EITKit] Sending Frame Data...
FRAME_DATA,0.0000,0.0000,0.0044,0.0042,0.0043,0.0043,0.0040,0.0000,0.0000,0.0000,0.0000,0.0041,0.0041,0.0037,0.0038,0.0037,0.0042,0.0000,0.0000,0.0000,0.0043,0.0042,0.0040,0.0041,0.0043,0.0042,0.0000,0.0000,0.0000,0.0042,0.0042,0.0042,0.0044,0.0042,0.0043,0.0000,0.0000,0.0000,0.0044,0.0042,0.0044,0.0040,0.0043,0.0042,0.0000,0.0000,0.0000,0.0042,0.0044,0.0041,0.0044,0.0042,0.0044,0.0000,0.0000,0.0000,0.0000,0.0037,0.0041,0.0042,0.0041,0.0041,0.0000,0.0000
[EITKit] Sending Frame Data...
FRAME_DATA,0.0000,0.0000,0.0040,0.0040,0.0041,0.0043,0.0040,0.0000,0.0000,0.0000,0.0000,0.0035,0.0036,0.0036,0.0039,0.0037,0.0039,0.0000,0.0000,0.0000,0.0039,0.0038,0.0039,0.0040,0.0040,0.0038,0.0000,0.0000,0.0000,0.0037,0.0038,0.0040,0.0040,0.0037,0.0039,0.0000,0.0000,0.0000,0.0039,0.0039,0.0041,0.0040,0.0039,0.0038,0.0000,0.0000,0.0000,0.0039,0.0043,0.0038,0.0042,0.0040,0.0040,0.0000,0.0000,0.0000,0.0000,0.0038,0.0040,0.0039,0.0039,0.0038,0.0000,0.0000
[EITKit] Sending Frame Data...
FRAME_DATA,0.0000,0.0000,0.0041,0.0040,0.0041,0.0039,0.0038,0.0000,0.0000,0.0000,0.0000,0.0037,0.0036,0.0035,0.0036,0.0035,0.0041,0.0000,0.0000,0.0000,0.0040,0.0037,0.0038,0.0036,0.0041,0.0039,0.0000,0.0000,0.0000,0.0037,0.0038,0.0037,0.0040,0.0039,0.0041,0.0000,0.0000,0.0000,0.0040,0.0038,0.0040,0.0041,0.0039,0.0038,0.0000,0.0000,0.0000,0.0037,0.0041,0.0039,0.0042,0.0040,0.0040,0.0000,0.0000,0.0000,0.0000,0.0037,0.0039,0.0039,0.0039,0.0040,0.0000,0.0000
[EITKit] Sending Frame Data...
FRAME_DATA,0.0000,0.0000,0.0038,0.0037,0.0041,0.0041,0.0040,0.0000,0.0000,0.0000,0.0000,0.0034,0.0034,0.0036,0.0037,0.0035,0.0037,0.0000,0.0000,0.0000,0.0038,0.0037,0.0039,0.0039,0.0039,0.0036,0.0000,0.0000,0.0000,0.0037,0.0040,0.0039,0.0039,0.0037,0.0039,0.0000,0.0000,0.0000,0.0038,0.0040,0.0040,0.0039,0.0037,0.0037,0.0000,0.0000,0.0000,0.0038,0.0040,0.0038,0.0040,0.0037,0.0039,0.0000,0.0000,0.0000,0.0000,0.0036,0.0038,0.0035,0.0035,0.0035,0.0000,0.0000
[EITKit] Sending Frame Data...
FRAME_DATA,0.0000,0.0000,0.0039,0.0037,0.0038,0.0039,0.0040,0.0000,0.0000,0.0000,0.0000,0.0035,0.0034,0.0035,0.0034,0.0034,0.0039,0.0000,0.0000,0.0000,0.0037,0.0035,0.0035,0.0036,0.0040,0.0036,0.0000,0.0000,0.0000,0.0037,0.0037,0.0037,0.0041,0.0037,0.0039,0.0000,0.0000,0.0000,0.0037,0.0037,0.0044,0.0040,0.0039,0.0036,0.0000,0.0000,0.0000,0.0036,0.0041,0.0038,0.0040,0.0037,0.0036,0.0000,0.0000,0.0000,0.0000,0.0036,0.0039,0.0037,0.0037,0.0035,0.0000,0.0000
[EITKit] Sending Frame Data...
FRAME_DATA,0.0000,0.0000,0.0041,0.0038,0.0038,0.0037,0.0038,0.0000,0.0000,0.0000,0.0000,0.0035,0.0035,0.0033,0.0033,0.0034,0.0040,0.0000,0.0000,0.0000,0.0038,0.0036,0.0035,0.0035,0.0042,0.0038,0.0000,0.0000,0.0000,0.0037,0.0036,0.0035,0.0041,0.0039,0.0039,0.0000,0.0000,0.0000,0.0035,0.0035,0.0042,0.0040,0.0040,0.0038,0.0000,0.0000,0.0000,0.0037,0.0041,0.0041,0.0040,0.0039,0.0039,0.0000,0.0000,0.0000,0.0000,0.0037,0.0041,0.0040,0.0040,0.0038,0.0000,0.0000
[EITKit] Sending Frame Data...
FRAME_DATA,0.0000,0.0000,0.0042,0.0040,0.0039,0.0036,0.0039,0.0000,0.0000,0.0000,0.0000,0.0037,0.0035,0.0033,0.0031,0.0033,0.0039,0.0000,0.0000,0.0000,0.0040,0.0037,0.0035,0.0034,0.0041,0.0039,0.0000,0.0000,0.0000,0.0038,0.0035,0.0034,0.0042,0.0039,0.0040,0.0000,0.0000,0.0000,0.0038,0.0036,0.0041,0.0040,0.0040,0.0037,0.0000,0.0000,0.0000,0.0037,0.0041,0.0042,0.0041,0.0040,0.0039,0.0000,0.0000,0.0000,0.0000,0.0038,0.0040,0.0041,0.0039,0.0037,0.0000,0.0000
[EITKit] Sending Frame Data...
FRAME_DATA,0.0000,0.0000,0.0039,0.0039,0.0041,0.0039,0.0041,0.0000,0.0000,0.0000,0.0000,0.0034,0.0034,0.0034,0.0035,0.0037,0.0038,0.0000,0.0000,0.0000,0.0038,0.0037,0.0039,0.0037,0.0041,0.0038,0.0000,0.0000,0.0000,0.0037,0.0038,0.0036,0.0041,0.0039,0.0039,0.0000,0.0000,0.0000,0.0037,0.0039,0.0042,0.0040,0.0039,0.0035,0.0000,0.0000,0.0000,0.0038,0.0042,0.0041,0.0041,0.0038,0.0040,0.0000,0.0000,0.0000,0.0000,0.0038,0.0038,0.0036,0.0037,0.0036,0.0000,0.0000
[EITKit] Sending Frame Data...
FRAME_DATA,0.0000,0.0000,0.0041,0.0041,0.0042,0.0040,0.0040,0.0000,0.0000,0.0000,0.0000,0.0036,0.0037,0.0035,0.0033,0.0035,0.0040,0.0000,0.0000,0.0000,0.0038,0.0038,0.0040,0.0037,0.0040,0.0039,0.0000,0.0000,0.0000,0.0040,0.0039,0.0038,0.0039,0.0041,0.0040,0.0000,0.0000,0.0000,0.0041,0.0041,0.0041,0.0040,0.0041,0.0038,0.0000,0.0000,0.0000,0.0040,0.0040,0.0040,0.0042,0.0039,0.0041,0.0000,0.0000,0.0000,0.0000,0.0037,0.0037,0.0035,0.0038,0.0039,0.0000,0.0000
[EITKit] Sending Frame Data...
FRAME_DATA,0.0000,0.0000,0.0041,0.0040,0.0040,0.0040,0.0042,0.0000,0.0000,0.0000,0.0000,0.0035,0.0037,0.0033,0.0034,0.0038,0.0040,0.0000,0.0000,0.0000,0.0037,0.0037,0.0038,0.0039,0.0040,0.0039,0.0000,0.0000,0.0000,0.0038,0.0037,0.0037,0.0041,0.0041,0.0040,0.0000,0.0000,0.0000,0.0037,0.0038,0.0042,0.0041,0.0042,0.0038,0.0000,0.0000,0.0000,0.0037,0.0041,0.0040,0.0041,0.0038,0.0038,0.0000,0.0000,0.0000,0.0000,0.0040,0.0038,0.0039,0.0039,0.0038,0.0000,0.0000
[EITKit] Sending Frame Data...
FRAME_DATA,0.0000,0.0000,0.0039,0.0037,0.0039,0.0039,0.0043,0.0000,0.0000,0.0000,0.0000,0.0034,0.0037,0.0033,0.0037,0.0039,0.0037,0.0000,0.0000,0.0000,0.0036,0.0035,0.0036,0.0039,0.0039,0.0037,0.0000,0.0000,0.0000,0.0036,0.0036,0.0036,0.0041,0.0040,0.0039,0.0000,0.0000,0.0000,0.0036,0.0036,0.0040,0.0039,0.0040,0.0036,0.0000,0.0000,0.0000,0.0035,0.0041,0.0041,0.0040,0.0036,0.0037,0.0000,0.0000,0.0000,0.0000,0.0039,0.0039,0.0038,0.0036,0.0038,0.0000,0.0000
[EITKit] Sending Frame Data...
FRAME_DATA,0.0000,0.0000,0.0037,0.0035,0.0038,0.0037,0.0041,0.0000,0.0000,0.0000,0.0000,0.0035,0.0034,0.0031,0.0034,0.0036,0.0039,0.0000,0.0000,0.0000,0.0037,0.0036,0.0035,0.0036,0.0040,0.0038,0.0000,0.0000,0.0000,0.0035,0.0034,0.0033,0.0043,0.0041,0.0039,0.0000,0.0000,0.0000,0.0037,0.0034,0.0041,0.0039,0.0039,0.0036,0.0000,0.0000,0.0000,0.0035,0.0043,0.0041,0.0040,0.0037,0.0037,0.0000,0.0000,0.0000,0.0000,0.0038,0.0038,0.0038,0.0038,0.0037,0.0000,0.0000
[EITKit] Sending Frame Data...
FRAME_DATA,0.0000,0.0000,0.0040,0.0036,0.0036,0.0036,0.0040,0.0000,0.0000,0.0000,0.0000,0.0034,0.0034,0.0032,0.0032,0.0032,0.0040,0.0000,0.0000,0.0000,0.0036,0.0036,0.0034,0.0034,0.0041,0.0037,0.0000,0.0000,0.0000,0.0035,0.0034,0.0032,0.0043,0.0041,0.0039,0.0000,0.0000,0.0000,0.0037,0.0036,0.0042,0.0040,0.0040,0.0037,0.0000,0.0000,0.0000,0.0036,0.0043,0.0041,0.0040,0.0039,0.0038,0.0000,0.0000,0.0000,0.0000,0.0037,0.0040,0.0038,0.0039,0.0036,0.0000,0.0000
[EITKit] Sending Frame Data...
FRAME_DATA,0.0000,0.0000,0.0041,0.0037,0.0037,0.0036,0.0039,0.0000,0.0000,0.0000,0.0000,0.0035,0.0035,0.0031,0.0031,0.0032,0.0041,0.0000,0.0000,0.0000,0.0037,0.0037,0.0036,0.0034,0.0041,0.0039,0.0000,0.0000,0.0000,0.0037,0.0034,0.0034,0.0042,0.0041,0.0039,0.0000,0.0000,0.0000,0.0037,0.0036,0.0043,0.0042,0.0041,0.0039,0.0000,0.0000,0.0000,0.0038,0.0043,0.0042,0.0041,0.0040,0.0039,0.0000,0.0000,0.0000,0.0000,0.0037,0.0040,0.0038,0.0038,0.0037,0.0000,0.0000
[EITKit] Sending Frame Data...
FRAME_DATA,0.0000,0.0000,0.0039,0.0038,0.0038,0.0039,0.0042,0.0000,0.0000,0.0000,0.0000,0.0033,0.0035,0.0034,0.0034,0.0036,0.0038,0.0000,0.0000,0.0000,0.0037,0.0037,0.0035,0.0037,0.0041,0.0039,0.0000,0.0000,0.0000,0.0037,0.0035,0.0036,0.0042,0.0040,0.0038,0.0000,0.0000,0.0000,0.0036,0.0037,0.0042,0.0038,0.0039,0.0039,0.0000,0.0000,0.0000,0.0037,0.0044,0.0041,0.0040,0.0039,0.0038,0.0000,0.0000,0.0000,0.0000,0.0039,0.0041,0.0038,0.0039,0.0037,0.0000,0.0000
[EITKit] Sending Frame Data...
FRAME_DATA,0.0000,0.0000,0.0041,0.0041,0.0040,0.0041,0.0041,0.0000,0.0000,0.0000,0.0000,0.0035,0.0038,0.0036,0.0035,0.0035,0.0040,0.0000,0.0000,0.0000,0.0039,0.0040,0.0038,0.0037,0.0042,0.0040,0.0000,0.0000,0.0000,0.0045,0.0041,0.0037,0.0042,0.0041,0.0041,0.0000,0.0000,0.0000,0.0040,0.0039,0.0040,0.0039,0.0041,0.0041,0.0000,0.0000,0.0000,0.0039,0.0043,0.0041,0.0041,0.0041,0.0041,0.0000,0.0000,0.0000,0.0000,0.0037,0.0038,0.0039,0.0039,0.0038,0.0000,0.0000
[EITKit] Sending Frame Data...
FRAME_DATA,0.0000,0.0000,0.0043,0.0043,0.0042,0.0042,0.0040,0.0000,0.0000,0.0000,0.0000,0.0037,0.0040,0.0038,0.0038,0.0035,0.0042,0.0000,0.0000,0.0000,0.0040,0.0041,0.0040,0.0038,0.0042,0.0040,0.0000,0.0000,0.0000,0.0043,0.0042,0.0038,0.0042,0.0041,0.0042,0.0000,0.0000,0.0000,0.0041,0.0041,0.0040,0.0042,0.0044,0.0041,0.0000,0.0000,0.0000,0.0041,0.0043,0.0040,0.0043,0.0042,0.0042,0.0000,0.0000,0.0000,0.0000,0.0037,0.0039,0.0039,0.0040,0.0041,0.0000,0.0000
[EITKit] Sending Frame Data...
FRAME_DATA,0.0000,0.0000,0.0044,0.0046,0.0044,0.0042,0.0040,0.0000,0.0000,0.0000,0.0000,0.0038,0.0041,0.0043,0.0038,0.0035,0.0043,0.0000,0.0000,0.0000,0.0041,0.0042,0.0042,0.0038,0.0043,0.0040,0.0000,0.0000,0.0000,0.0043,0.0042,0.0040,0.0040,0.0042,0.0042,0.0000,0.0000,0.0000,0.0041,0.0042,0.0042,0.0040,0.0043,0.0042,0.0000,0.0000,0.0000,0.0042,0.0044,0.0040,0.0043,0.0042,0.0043,0.0000,0.0000,0.0000,0.0000,0.0039,0.0039,0.0038,0.0042,0.0042,0.0000,0.0000
[EITKit] Sending Frame Data...
FRAME_DATA,0.0000,0.0000,0.0043,0.0045,0.0042,0.0041,0.0040,0.0000,0.0000,0.0000,0.0000,0.0040,0.0042,0.0040,0.0038,0.0037,0.0043,0.0000,0.0000,0.0000,0.0041,0.0042,0.0041,0.0036,0.0044,0.0040,0.0000,0.0000,0.0000,0.0042,0.0041,0.0040,0.0042,0.0042,0.0041,0.0000,0.0000,0.0000,0.0041,0.0040,0.0043,0.0041,0.0043,0.0041,0.0000,0.0000,0.0000,0.0041,0.0043,0.0041,0.0044,0.0043,0.0041,0.0000,0.0000,0.0000,0.0000,0.0038,0.0039,0.0040,0.0042,0.0041,0.0000,0.0000
